UserID;ScenarioID;controlMode;requestID;elapsedTimeSinceAccess;distanceTravelledSinceLastLog;distanceToEndOfInstructedPath;lengthOfCurrentInstructedPath;lengthOfCurrentInstructedInputPath;distanceToEnd;vehiclePosition;vehicleSpeed;constructionSiteEntered;endReached;closestLane;currentLaneDeviation;timeOfCollisionAvoidanceTraffic;timeOfCollisionAvoidanceObstacle;timeOfCollisionAvoidancePedestrian;amountOfAdditionInput;amountOfAdditionMarkers;amountOfSnapToMiddleInput;amountOfSnapToMiddleMarkers;amountOfReadjustmentInput;timeSinceLastInput;currentlyNeglectedTime;blindTimeSum;cameraPannedDistanceSum;cameraTravelledDistanceSum;zoomSize;followVehicleFocusTimeSum;followPathEndFocusTimeSum;isMainRequest;isSecondaryRequest;totalRequestAmount;sideOfConstructionSite;
RZ22;10;Trajectory;4;0,0;0,01841518;199,2712;194,1665;194,1665;603,7455;(0.00, -0.44, 0.00);0;False;False;1;0,4932165;0,00;0,00;0,00;0;0;0;0;0;0,0;0,0;0,0;0,0;0,0;20;0,00;0,00;False;False;4;Right;
RZ22;10;Trajectory;4;0,1;0,01149405;199,2608;194,1665;194,1665;603,7355;(-0.01, -0.44, 0.01);0,4429486;False;False;1;0,4896322;0,00;0,00;0,00;0;0;0;0;0;0,1;0,0;0,0;0,0;4669,0;20;0,00;0,00;False;False;4;Right;
RZ22;10;Trajectory;4;0,2;0,03285369;199,228;194,1665;194,1665;603,7025;(-0.02, -0.44, 0.03);1,392657;False;False;1;0,4879733;0,00;0,00;0,00;0;0;0;0;0;0,2;0,0;0,0;0,0;4669,0;20;0,00;0,00;False;False;4;Right;
RZ22;10;Trajectory;4;0,3;0,06803346;199,16;194,1665;194,1665;603,6348;(-0.03, -0.44, 0.09);2,352268;False;False;1;0,4868771;0,00;0,00;0,00;0;0;0;0;0;0,3;0,0;0,0;0,0;4669,0;20;0,00;0,00;False;False;4;Right;
RZ22;10;Trajectory;4;0,4;0,1012478;199,0588;194,1665;194,1665;603,5338;(-0.06, -0.44, 0.18);3,207618;False;False;1;0,4852485;0,00;0,00;0,00;0;0;0;0;0;0,4;0,0;0,0;0,0;4669,1;20;0,00;0,00;False;False;4;Right;
RZ22;10;Trajectory;4;0,5;0,1143077;198,9445;194,1665;194,1665;603,4194;(-0.10, -0.44, 0.27);4,227632;False;False;1;0,4832092;0,00;0,00;0,00;0;0;0;0;0;0,5;0,0;0,0;0,0;4669,2;20;0,00;0,00;False;False;4;Right;
RZ22;10;Trajectory;4;0,6;0,1674671;198,7771;194,1665;194,1665;603,2519;(-0.14, -0.44, 0.41);5,187741;False;False;1;0,4806028;0,00;0,00;0,00;0;0;0;0;0;0,6;0,0;0,0;0,0;4669,3;20;0,00;0,00;False;False;4;Right;
RZ22;10;Trajectory;4;0,7;0,1755022;198,6017;194,1665;194,1665;603,0767;(-0.19, -0.44, 0.55);6,407684;False;False;1;0,4766822;0,00;0,00;0,00;0;0;0;0;0;0,7;0,0;0,0;0,0;4669,4;20;0,00;0,00;False;False;4;Right;
RZ22;10;Trajectory;4;0,8;0,2446492;198,3571;194,1665;194,1665;602,8322;(-0.26, -0.44, 0.76);7,731578;False;False;1;0,470009;0,00;0,00;0,00;0;0;0;0;0;0,8;0,0;0,0;0,0;4669,6;20;0,00;0,00;False;False;4;Right;
RZ22;10;Trajectory;4;0,9;0,2914347;198,0659;194,1665;194,1665;602,5416;(-0.35, -0.44, 1.00);8,953235;False;False;1;0,4609079;0,00;0,00;0,00;0;0;0;0;0;0,9;0,0;0,0;0,0;4669,9;20;0,00;0,00;False;False;4;Right;
RZ22;10;Trajectory;4;1,0;0,2900159;197,7762;194,1665;194,1665;602,2524;(-0.43, -0.44, 1.24);10,474;False;False;1;0,4500768;0,00;0,00;0,00;0;0;0;0;0;1,0;0,0;0,0;0,0;4670,1;20;0,00;0,00;False;False;4;Right;
RZ22;10;Trajectory;4;1,1;0,3878718;197,3888;193,5951;193,5951;601,8653;(-0.55, -0.44, 1.55);12,0921;False;False;1;0,4331128;0,00;0,00;0,00;0;0;0;0;0;1,1;0,0;0,0;0,0;4670,4;20;0,00;0,00;False;False;4;Right;
RZ22;10;Trajectory;4;1,2;0,4441298;196,9453;193,0238;193,0238;601,4223;(-0.69, -0.44, 1.92);13,59352;False;False;1;0,4102265;0,00;0,00;0,00;0;0;0;0;0;1,2;0,0;0,0;0,0;4670,8;20;0,00;0,00;False;False;4;Right;
RZ22;10;Trajectory;4;1,3;0,428371;196,5179;192,4523;192,4523;600,9957;(-0.82, -0.44, 2.27);15,36526;False;False;1;0,3850682;0,00;0,00;0,00;0;0;0;0;0;1,3;0,0;0,0;0,0;4671,2;20;0,00;0,00;False;False;4;Right;
RZ22;10;Trajectory;4;1,4;0,5525328;195,9668;191,881;191,881;600,4458;(-1.00, -0.44, 2.72);17,05091;False;False;1;0,3478265;0,00;0,00;0,00;0;0;0;0;0;1,4;0,0;0,0;0,0;4671,7;20;0,00;0,00;False;False;4;Right;
RZ22;10;Trajectory;4;1,5;0,6072536;195,3612;191,3095;191,3095;599,8412;(-1.19, -0.44, 3.21);18,4593;False;False;1;0,3080738;0,00;0,00;0,00;0;0;0;0;0;1,5;0,0;0,0;0,0;4672,2;20;0,00;0,00;False;False;4;Right;
RZ22;10;Trajectory;4;1,6;0,564401;194,7979;190,7381;190,7381;599,2788;(-1.37, -0.44, 3.67);20,1054;False;False;1;0,2754225;0,00;0,00;0,00;0;0;0;0;0;1,6;0,0;0,0;0,0;4672,7;20;0,00;0,00;False;False;4;Right;
RZ22;10;Trajectory;4;1,7;0,7100061;194,0892;190,1667;190,1667;598,5709;(-1.59, -0.44, 4.25);21,76671;False;False;1;0,2370973;0,00;0,00;0,00;0;0;0;0;0;1,7;0,0;0,0;0,0;4673,4;20;0,00;0,00;False;False;4;Right;
RZ22;10;Trajectory;4;1,8;0,7652276;193,3253;189,0239;189,0239;597,8081;(-1.82, -0.44, 4.88);23,18646;False;False;1;0,1971507;0,00;0,00;0,00;0;0;0;0;0;1,8;0,0;0,0;0,0;4674,1;20;0,00;0,00;False;False;4;Right;
RZ22;10;Trajectory;4;1,9;0,699423;192,6271;188,4525;188,4525;597,1109;(-2.04, -0.44, 5.45);24,85824;False;False;1;0,1623154;0,00;0,00;0,00;0;0;0;0;0;1,9;0,0;0,0;0,0;4674,7;20;0,00;0,00;False;False;4;Right;
RZ22;10;Trajectory;4;2,0;0,8672939;191,7612;187,3097;187,3097;596,2465;(-2.31, -0.44, 6.16);26,48;False;False;1;0,11969;0,00;0,00;0,00;0;0;0;0;0;2,0;0,0;0,0;0,0;4675,5;20;0,00;0,00;False;False;4;Right;
RZ22;10;Trajectory;4;2,1;0,9202138;190,8425;186,1668;186,1668;595,3287;(-2.59, -0.44, 6.92);28,06096;False;False;1;0,07579251;0,00;0,00;0,00;0;0;0;0;0;2,1;0,0;0,0;0,0;4676,4;20;0,00;0,00;False;False;4;Right;
RZ22;10;Trajectory;4;2,2;0,8302446;190,0137;185,5953;185,5953;594,5014;(-2.84, -0.44, 7.60);29,37714;False;False;1;0,04029394;0,00;0,00;0,00;0;0;0;0;0;2,2;0,0;0,0;0,0;4677,3;20;0,00;0,00;False;False;4;Right;
RZ22;10;Trajectory;4;2,3;1,014999;189,0004;184,4524;184,4524;593,4894;(-3.15, -0.44, 8.43);30,86704;False;False;1;0,03825013;0,00;0,00;0,00;0;0;0;0;0;2,3;0,0;0,0;0,0;4678,1;20;0,00;0,00;False;False;4;Right;
RZ22;10;Trajectory;4;2,4;1,06323;187,9383;183,3094;183,3094;592,4285;(-3.47, -0.44, 9.31);32,31525;False;False;1;0,07178385;0,00;0,00;0,00;0;0;0;0;0;2,4;0,0;0,0;0,0;4679,1;20;0,00;0,00;False;False;4;Right;
RZ22;10;Trajectory;4;2,5;0,9500724;186,9886;182,1664;182,1664;591,4793;(-3.74, -0.44, 10.09);33,55522;False;False;1;0,09059201;0,00;0,00;0,00;0;0;0;0;0;2,5;0,0;0,0;0,0;4680,2;20;0,00;0,00;False;False;4;Right;
RZ22;10;Trajectory;4;2,6;1,152699;185,8361;181,0237;181,0237;590,3275;(-4.05, -0.44, 11.05);34,97388;False;False;1;0,1008176;0,00;0,00;0,00;0;0;0;0;0;2,6;0,0;0,0;0,0;4681,1;20;0,00;0,00;False;False;4;Right;
RZ22;10;Trajectory;4;2,7;1,199154;184,6371;179,8808;179,8808;589,1291;(-4.38, -0.44, 12.05);36,39656;False;False;1;0,1113726;0,00;0,00;0,00;0;0;0;0;0;2,7;0,0;0,0;0,0;4682,3;20;0,00;0,00;False;False;4;Right;
RZ22;10;Trajectory;4;2,8;1,247226;183,3901;178,7379;178,7379;587,8826;(-4.72, -0.44, 13.09);37,40313;False;False;1;0,1264964;0,00;0,00;0,00;0;0;0;0;0;2,8;0,0;0,0;0,0;4683,5;20;0,00;0,00;False;False;4;Right;
RZ22;10;Trajectory;4;2,9;1,105474;182,2849;177,0237;177,0237;586,778;(-5.02, -0.44, 14.00);38,99201;False;False;1;0,142483;0,00;0,00;0,00;0;0;0;0;0;2,9;0,0;0,0;0,0;4684,7;20;0,00;0,00;False;False;4;Right;
RZ22;10;Trajectory;4;3,0;1,331881;180,9534;175,8809;175,8809;585,4476;(-5.39, -0.44, 15.11);40,3574;False;False;1;0,1637638;0,00;0,00;0,00;0;0;0;0;0;3,0;0,0;0,0;0,0;4685,8;20;0,00;0,00;False;False;4;Right;
RZ22;10;Trajectory;4;3,1;1,37704;179,5765;174,7382;174,7382;584,0712;(-5.77, -0.44, 16.25);41,49424;False;False;1;0,1772557;0,00;0,00;0,00;0;0;0;0;0;3,1;0,0;0,0;0,0;4687,1;20;0,00;0,00;False;False;4;Right;
RZ22;10;Trajectory;4;3,2;1,420797;178,1558;173,0239;173,0239;582,6508;(-6.14, -0.44, 17.44);42,62978;False;False;1;0,1802223;0,00;0,00;0,00;0;0;0;0;0;3,2;0,0;0,0;0,0;4688,5;20;0,00;0,00;False;False;4;Right;
RZ22;10;Trajectory;4;3,3;1,252922;176,9029;171,8812;171,8812;581,3984;(-6.47, -0.44, 18.48);44,14396;False;False;1;0,1835651;0,00;0,00;0,00;0;0;0;0;0;3,3;0,0;0,0;0,0;4689,9;20;0,00;0,00;False;False;4;Right;
RZ22;10;Trajectory;4;3,4;1,502368;175,4006;170,1669;170,1669;579,8966;(-6.87, -0.44, 19.74);45,26973;False;False;1;0,1887426;0,00;0,00;0,00;0;0;0;0;0;3,4;0,0;0,0;0,0;4691,2;20;0,00;0,00;False;False;4;Right;
RZ22;10;Trajectory;4;3,5;1,545151;173,8555;169,0241;169,0241;578,3522;(-7.28, -0.44, 21.03);46,55916;False;False;1;0,196058;0,00;0,00;0,00;0;0;0;0;0;3,5;0,0;0,0;0,0;4692,7;20;0,00;0,00;False;False;4;Right;
RZ22;10;Trajectory;4;3,6;1,589209;172,2664;167,3097;167,3097;576,7634;(-7.70, -0.44, 22.35);47,6641;False;False;1;0,2059882;0,00;0,00;0,00;0;0;0;0;0;3,6;0,0;0,0;0,0;4694,2;20;0,00;0,00;False;False;4;Right;
RZ22;10;Trajectory;4;3,7;1,16031;171,1062;165,5952;165,5952;575,6033;(-8.01, -0.44, 23.32);48,92198;False;False;1;0,2140915;0,00;0,00;0,00;0;0;0;0;0;3,7;0,0;0,0;0,0;4695,6;20;0,00;0,00;False;False;4;Right;
RZ22;10;Trajectory;4;3,8;1,660407;169,4459;163,8808;163,8808;573,9437;(-8.46, -0.44, 24.70);50,16727;False;False;1;0,2271831;0,00;0,00;0,00;0;0;0;0;0;3,8;0,0;0,0;0,0;4696,9;20;0,00;0,00;False;False;4;Right;
RZ22;10;Trajectory;4;3,9;1,700759;167,7452;162,1665;162,1665;572,2438;(-8.91, -0.44, 26.12);51,37459;False;False;1;0,2389398;0,00;0,00;0,00;0;0;0;0;0;3,9;0,0;0,0;0,0;4698,6;20;0,00;0,00;False;False;4;Right;
RZ22;10;Trajectory;4;4,0;1,489661;166,2556;160,4522;160,4522;570,7545;(-9.30, -0.44, 27.36);52,40396;False;False;1;0,2400806;0,00;0,00;0,00;0;0;0;0;0;4,0;0,0;0,0;0,0;4700,3;20;0,00;0,00;False;False;4;Right;
RZ22;10;Trajectory;4;4,1;1,775988;164,4796;158,7383;158,7383;568,9789;(-9.76, -0.44, 28.85);53,6051;False;False;1;0,2395848;0,00;0,00;0,00;0;0;0;0;0;4,1;0,0;0,0;0,0;4701,8;20;0,00;0,00;False;False;4;Right;
RZ22;10;Trajectory;4;4,2;1,815004;162,6646;157,024;157,024;567,1644;(-10.23, -0.44, 30.36);54,80124;False;False;1;0,2374359;0,00;0,00;0,00;0;0;0;0;0;4,2;0,0;0,0;0,0;4703,5;20;0,00;0,00;False;False;4;Right;
RZ22;10;Trajectory;4;4,3;1,587568;161,077;155,3096;155,3096;565,5768;(-10.64, -0.44, 31.69);55,81595;False;False;1;0,2364112;0,00;0,00;0,00;0;0;0;0;0;4,3;0,0;0,0;0,0;4705,4;20;0,00;0,00;False;False;4;Right;
RZ22;10;Trajectory;4;4,4;1,888714;159,1883;153,5954;153,5954;563,6888;(-11.13, -0.44, 33.27);56,99823;False;False;1;0,2355534;0,00;0,00;0,00;0;0;0;0;0;4,4;0,0;0,0;0,0;4706,9;20;0,00;0,00;False;False;4;Right;
RZ22;10;Trajectory;4;4,5;1,92718;157,2612;151,3098;151,3098;561,7617;(-11.63, -0.44, 34.88);58,15294;False;False;1;0,2344443;0,00;0,00;0,00;0;0;0;0;0;4,5;0,0;0,0;0,0;4708,8;20;0,00;0,00;False;False;4;Right;
RZ22;10;Trajectory;4;4,6;1,965787;155,2954;150,1671;150,1671;559,7968;(-12.14, -0.44, 36.52);58,97471;False;False;1;0,2331052;0,00;0,00;0,00;0;0;0;0;0;4,6;0,0;0,0;0,0;4710,7;20;0,00;0,00;False;False;4;Right;
RZ22;10;Trajectory;4;4,7;1,714841;153,5806;147,3099;147,3099;558,0819;(-12.59, -0.44, 37.95);60,27023;False;False;1;0,2323726;0,00;0,00;0,00;0;0;0;0;0;4,7;0,0;0,0;0,0;4712,4;20;0,00;0,00;False;False;4;Right;
RZ22;10;Trajectory;4;4,8;2,035537;151,5451;145,5956;145,5956;556,0472;(-13.12, -0.44, 39.65);61,38665;False;False;1;0,2320641;0,00;0,00;0,00;0;0;0;0;0;4,8;0,0;0,0;0,0;4714,4;20;0,00;0,00;False;False;4;Right;
RZ22;10;Trajectory;4;4,9;2,073303;149,4718;143,8812;143,8812;553,9741;(-13.66, -0.44, 41.39);62,19805;False;False;1;0,2319675;0,00;0,00;0,00;0;0;0;0;0;4,9;0,0;0,0;0,0;4716,4;20;0,00;0,00;False;False;4;Right;
RZ22;10;Trajectory;4;5,0;2,109614;147,3622;142,1672;142,1672;551,8649;(-14.21, -0.44, 43.15);63,28062;False;False;1;0,2321801;0,00;0,00;0,00;0;0;0;0;0;5,0;0,0;0,0;0,0;4718,5;20;0,00;0,00;False;False;4;Right;
RZ22;10;Trajectory;4;5,1;1,837005;145,5252;139,3104;139,3104;550,0284;(-14.69, -0.44, 44.68);64,52011;False;False;1;0,2326513;0,00;0,00;0,00;0;0;0;0;0;5,1;0,0;0,0;0,0;4720,3;20;0,00;0,00;False;False;4;Right;
RZ22;10;Trajectory;4;5,2;2,176593;143,3486;137,5963;137,5963;547,8527;(-15.25, -0.44, 46.50);65,43895;False;False;1;0,2334868;0,00;0,00;0,00;0;0;0;0;0;5,2;0,0;0,0;0,0;4722,4;20;0,00;0,00;False;False;4;Right;
RZ22;10;Trajectory;4;5,3;2,211979;141,1367;135,311;135,311;545,6412;(-15.83, -0.44, 48.35);66,5171;False;False;1;0,2340487;0,00;0,00;0,00;0;0;0;0;0;5,3;0,0;0,0;0,0;4724,6;20;0,00;0,00;False;False;4;Right;
RZ22;10;Trajectory;4;5,4;2,246833;138,8899;133,5968;133,5968;543,3947;(-16.41, -0.44, 50.23);67,41617;False;False;1;0,2348426;0,00;0,00;0,00;0;0;0;0;0;5,4;0,0;0,0;0,0;4726,8;20;0,00;0,00;False;False;4;Right;
RZ22;10;Trajectory;4;5,5;1,953585;136,9363;131,3109;131,3109;541,4417;(-16.92, -0.44, 51.86);68,43116;False;False;1;0,2360063;0,00;0,00;0,00;0;0;0;0;0;5,5;0,0;0,0;0,0;4728,7;20;0,00;0,00;False;False;4;Right;
RZ22;10;Trajectory;4;5,6;1,978203;134,9582;129,0253;129,0253;539,4637;(-17.44, -0.44, 53.51);69,47694;False;False;1;0,2367083;0,00;0,00;0,00;0;0;0;0;0;5,6;0,0;0,0;0,0;4731,0;20;0,00;0,00;False;False;4;Right;
RZ22;10;Trajectory;4;5,7;2,338838;132,6194;126,7396;126,7396;537,1257;(-18.05, -0.44, 55.46);70,46285;False;False;1;0,2378189;0,00;0,00;0,00;0;0;0;0;0;5,7;0,0;0,0;0,0;4733,0;20;0,00;0,00;False;False;4;Right;
RZ22;10;Trajectory;4;5,8;2,032215;130,5872;124,4535;124,4535;535,0941;(-18.58, -0.44, 57.16);71,31718;False;False;1;0,2387064;0,00;0,00;0,00;0;0;0;0;0;5,8;0,0;0,0;0,0;4735,3;20;0,00;0,00;False;False;4;Right;
RZ22;10;Trajectory;4;5,9;2,401281;128,1859;122,1678;122,1678;532,6933;(-19.20, -0.44, 59.17);72,32634;False;False;1;0,2401131;0,00;0,00;0,00;0;0;0;0;0;5,9;0,0;0,0;0,0;4737,3;20;0,00;0,00;False;False;4;Right;
RZ22;10;Trajectory;4;6,0;2,433223;125,7528;119,8821;119,8821;530,2604;(-19.84, -0.44, 61.20);73,2948;False;False;1;0,2420504;0,00;0,00;0,00;0;0;0;0;0;6,0;0,0;0,0;0,0;4739,7;20;0,00;0,00;False;False;4;Right;
RZ22;10;Trajectory;4;6,1;2,465879;123,2869;117,5965;117,5965;527,7954;(-20.48, -0.44, 63.26);74,09782;False;False;1;0,2439667;0,00;0,00;0,00;0;0;0;0;0;6,1;0,0;0,0;0,0;4742,2;20;0,00;0,00;False;False;4;Right;
RZ22;10;Trajectory;4;6,2;2,496547;120,7904;115,3108;115,3108;525,2994;(-21.13, -0.44, 65.34);74,91184;False;False;1;0,2463557;0,00;0,00;0,00;0;0;0;0;0;6,2;0,0;0,0;0,0;4744,6;20;0,00;0,00;False;False;4;Right;
RZ22;10;Trajectory;4;6,3;2,165965;118,6245;112,4539;112,4539;523,1337;(-21.69, -0.44, 67.15);75,86533;False;False;1;0,2493896;0,00;0,00;0,00;0;0;0;0;0;6,3;0,0;0,0;0,0;4747,1;20;0,00;0,00;False;False;4;Right;
RZ22;10;Trajectory;4;6,4;2,188202;116,4363;110,168;110,168;520,9464;(-22.26, -0.44, 68.98);76,7713;False;False;1;0,2526767;0,00;0,00;0,00;0;0;0;0;0;6,4;0,0;0,0;0,0;4748,9;20;0,00;0,00;False;False;4;Right;
RZ22;10;Trajectory;4;6,5;2,581228;113,8552;107,8821;107,8821;518,3655;(-22.94, -0.44, 71.14);77,68407;False;False;1;0,2578803;0,00;0,00;0,00;0;0;0;0;0;6,5;0,0;0,0;0,0;4751,5;20;0,00;0,00;False;False;4;Right;
RZ22;10;Trajectory;4;6,6;2,610831;111,2444;105,0251;105,0251;515,7555;(-23.62, -0.44, 73.32);78,57476;False;False;1;0,2638631;0,00;0,00;0,00;0;0;0;0;0;6,6;0,0;0,0;0,0;4754,1;20;0,00;0,00;False;False;4;Right;
RZ22;10;Trajectory;4;6,7;2,640883;108,6036;103,3108;103,3108;513,1149;(-24.30, -0.44, 75.53);79,23202;False;False;1;0,2713483;0,00;0,00;0,00;0;0;0;0;0;6,7;0,0;0,0;0,0;4756,7;20;0,00;0,00;False;False;4;Right;
RZ22;10;Trajectory;4;6,8;2,285192;106,3184;100,4539;100,4539;510,8306;(-24.90, -0.44, 77.43);80,15031;False;False;1;0,2782709;0,00;0,00;0,00;0;0;0;0;0;6,8;0,0;0,0;0,0;4758,9;20;0,00;0,00;False;False;4;Right;
RZ22;10;Trajectory;4;6,9;2,671812;103,6466;97,5968;97,5968;508,1592;(-25.59, -0.44, 79.67);80,11767;False;False;1;0,2848109;0,00;0,00;0,00;0;0;0;0;0;6,9;0,0;0,0;0,0;4761,6;20;0,00;0,00;False;False;4;Right;
RZ22;10;Trajectory;4;7,0;2,671965;100,9747;95,31109;95,31109;505,4879;(-26.28, -0.44, 81.90);80,16438;False;False;1;0,2867933;0,00;0,00;0,00;0;0;0;0;0;7,0;0,0;0,0;0,0;4764,2;20;0,00;0,00;False;False;4;Right;
RZ22;10;Trajectory;4;7,1;2,671513;98,30322;92,45408;92,45408;502,8166;(-26.97, -0.44, 84.13);80,13184;False;False;1;0,2862387;0,00;0,00;0,00;0;0;0;0;0;7,1;0,0;0,0;0,0;4766,9;20;0,00;0,00;False;False;4;Right;
RZ22;10;Trajectory;4;7,2;2,671881;95,63135;90,16846;90,16846;500,1452;(-27.66, -0.44, 86.37);80,16018;False;False;1;0,2839766;0,00;0,00;0,00;0;0;0;0;0;7,2;0,0;0,0;0,0;4769,6;20;0,00;0,00;False;False;4;Right;
RZ22;10;Trajectory;4;7,3;1,907886;93,72347;87,88302;87,88302;498,2378;(-28.15, -0.44, 87.96);80,12321;False;False;1;0,2813286;0,00;0,00;0,00;0;0;0;0;0;7,3;0,0;0,0;0,0;4771,9;20;0,00;0,00;False;False;4;Right;
RZ22;10;Trajectory;4;7,4;2,672148;91,05135;85,02581;85,02581;495,5661;(-28.84, -0.44, 90.20);80,11037;False;False;1;0,2775591;0,00;0,00;0,00;0;0;0;0;0;7,4;0,0;0,0;0,0;4774,2;20;0,00;0,00;False;False;4;Right;
RZ22;10;Trajectory;4;7,5;2,671123;88,38024;82,16858;82,16858;492,8951;(-29.53, -0.44, 92.43);80,10703;False;False;1;0,2772536;0,00;0,00;0,00;0;0;0;0;0;7,5;0,0;0,0;0,0;4776,8;20;0,00;0,00;False;False;4;Right;
RZ22;10;Trajectory;4;7,6;2,671246;85,70902;80,45432;80,45432;490,2246;(-30.22, -0.44, 94.67);80,15783;False;False;1;0,2774813;0,00;0,00;0,00;0;0;0;0;0;7,6;0,0;0,0;0,0;4779,5;20;0,00;0,00;False;False;4;Right;
RZ22;10;Trajectory;4;7,7;2,289587;83,41946;77,59763;77,59763;487,9354;(-30.81, -0.44, 96.58);80,15577;False;False;1;0,2780865;0,00;0,00;0,00;0;0;0;0;0;7,7;0,0;0,0;0,0;4781,8;20;0,00;0,00;False;False;4;Right;
RZ22;10;Trajectory;4;7,8;2,67098;80,74851;74,74062;74,74062;485,2646;(-31.49, -0.44, 98.81);80,10456;False;False;1;0,2794835;0,00;0,00;0,00;0;0;0;0;0;7,8;0,0;0,0;0,0;4784,5;20;0,00;0,00;False;False;4;Right;
RZ22;10;Trajectory;4;7,9;2,671862;78,07668;72,45511;72,45511;482,5935;(-32.18, -0.44, 101.05);80,25578;False;False;1;0,2804061;0,00;0,00;0,00;0;0;0;0;0;7,9;0,0;0,0;0,0;4787,1;20;0,00;0,00;False;False;4;Right;
RZ22;10;Trajectory;4;8,0;2,67098;75,40574;70,16933;70,16933;479,9228;(-32.87, -0.44, 103.28);80,10927;False;False;1;0,2817711;0,00;0,00;0,00;0;0;0;0;0;8,0;0,0;0,0;0,0;4789,8;20;0,00;0,00;False;False;4;Right;
RZ22;10;Trajectory;4;8,1;2,289177;73,11658;67,31214;67,31214;477,6341;(-33.46, -0.44, 105.20);80,10393;False;False;1;0,2833069;0,00;0,00;0,00;0;0;0;0;0;8,1;0,0;0,0;0,0;4792,1;20;0,00;0,00;False;False;4;Right;
RZ22;10;Trajectory;4;8,2;2,671062;70,44556;65,02614;65,02614;474,9634;(-34.15, -0.44, 107.43);80,10841;False;False;1;0,2853163;0,00;0,00;0,00;0;0;0;0;0;8,2;0,0;0,0;0,0;4794,8;20;0,00;0,00;False;False;4;Right;
RZ22;10;Trajectory;4;8,3;2,670878;67,77473;62,74054;62,74054;472,2929;(-34.84, -0.44, 109.66);80,10495;False;False;1;0,2875663;0,00;0,00;0,00;0;0;0;0;0;8,3;0,0;0,0;0,0;4797,4;20;0,00;0,00;False;False;4;Right;
RZ22;10;Trajectory;4;8,4;2,28891;65,48586;59,3117;59,3117;470,0045;(-35.43, -0.44, 111.58);80,10421;False;False;1;0,2894562;0,00;0,00;0,00;0;0;0;0;0;8,4;0,0;0,0;0,0;4799,7;20;0,00;0,00;False;False;4;Right;
RZ22;10;Trajectory;4;8,5;2,671062;62,81485;57,02587;57,02587;467,3337;(-36.12, -0.44, 113.81);80,10477;False;False;1;0,2918366;0,00;0,00;0,00;0;0;0;0;0;8,5;0,0;0,0;0,0;4802,4;20;0,00;0,00;False;False;4;Right;
RZ22;10;Trajectory;4;8,6;2,290366;60,52453;54,7403;54,7403;465,0439;(-36.71, -0.44, 115.72);80,13065;False;False;1;0,2939069;0,00;0,00;0,00;0;0;0;0;0;8,6;0,0;0,0;0,0;4805,1;20;0,00;0,00;False;False;4;Right;
RZ22;10;Trajectory;4;8,7;2,671068;57,85348;51,88299;51,88299;462,3731;(-37.39, -0.44, 117.96);80,15294;False;False;1;0,2882366;0,00;0,00;0,00;0;0;0;0;0;8,7;0,0;0,0;0,0;4807,4;20;0,00;0,00;False;False;4;Right;
RZ22;10;Trajectory;4;8,8;2,289927;55,56356;49,59697;49,59697;460,0836;(-37.97, -0.44, 119.88);80,10497;False;False;1;0,2768999;0,00;0,00;0,00;0;0;0;0;0;8,8;0,0;0,0;0,0;4809,7;20;0,00;0,00;False;False;4;Right;
RZ22;10;Trajectory;4;8,9;2,671973;52,89158;46,73974;46,73974;457,4117;(-38.64, -0.44, 122.12);80,11363;False;False;1;0,2618224;0,00;0,00;0,00;0;0;0;0;0;8,9;0,0;0,0;0,0;4812,3;20;0,00;0,00;False;False;4;Right;
RZ22;10;Trajectory;4;9,0;2,671198;50,22039;44,45377;44,45377;454,7409;(-39.32, -0.44, 124.36);80,10979;False;False;1;0,2458205;0,00;0,00;0,00;0;0;0;0;0;9,0;0,0;0,0;0,0;4815,0;20;0,00;0,00;False;False;4;Right;
RZ22;10;Trajectory;4;9,1;2,671692;47,54869;42,16792;42,16792;452,069;(-39.99, -0.44, 126.59);80,16305;False;False;1;0,2301362;0,00;0,00;0,00;0;0;0;0;0;9,1;0,0;0,0;0,0;4817,7;20;0,00;0,00;False;False;4;Right;
RZ22;10;Trajectory;4;9,2;2,667563;44,88113;39,31081;39,31081;449,402;(-40.66, -0.44, 128.83);80,12751;False;False;1;0,2152555;0,00;0,00;0,00;0;0;0;0;0;9,2;0,0;0,0;0,0;4820,0;20;0,00;0,00;False;False;4;Right;
RZ22;10;Trajectory;4;9,3;2,486836;42,39429;37,02493;37,02493;446,915;(-41.29, -0.44, 130.91);74,59087;False;False;1;0,2008629;0,00;0,00;0,00;0;0;0;0;0;9,3;0,0;0,0;0,0;4823,0;20;0,00;0,00;False;False;4;Right;
RZ22;10;Trajectory;4;9,4;1,626024;40,76828;34,73895;34,73895;445,2896;(-41.70, -0.44, 132.27);67,4502;False;False;1;0,1939136;0,00;0,00;0,00;0;0;0;0;0;9,4;0,0;0,0;0,0;4825,2;20;0,00;0,00;False;False;4;Right;
RZ22;10;Trajectory;4;9,5;2,101011;38,66727;32,45313;32,45313;443,1888;(-42.24, -0.44, 134.03);61,29779;False;False;1;0,190296;0,00;0,00;0,00;0;0;0;0;0;9,5;0,0;0,0;0,0;4827,2;20;0,00;0,00;False;False;4;Right;
RZ22;10;Trajectory;4;9,6;1,897508;36,76979;30,73886;30,73886;441,2913;(-42.72, -0.44, 135.62);55,24796;False;False;1;0,1882509;0,00;0,00;0,00;0;0;0;0;0;9,6;0,0;0,0;0,0;4829,3;20;0,00;0,00;False;False;4;Right;
RZ22;10;Trajectory;4;9,7;1,472215;35,2976;29,59599;29,59599;439,8194;(-43.10, -0.44, 136.85);50,28025;False;False;1;0,1872628;0,00;0,00;0,00;0;0;0;0;0;9,7;0,0;0,0;0,0;4831,2;20;0,00;0,00;False;False;4;Right;
RZ22;10;Trajectory;4;9,8;1,541141;33,75648;28,45308;28,45308;438,2784;(-43.50, -0.44, 138.14);44,66967;False;False;1;0,1866426;0,00;0,00;0,00;0;0;0;0;0;9,8;0,0;0,0;0,0;4832,7;20;0,00;0,00;False;False;4;Right;
RZ22;10;Trajectory;4;9,9;1,357871;32,39863;27,31036;27,31036;436,921;(-43.84, -0.44, 139.28);39,21549;False;False;1;0,1858285;0,00;0,00;0,00;0;0;0;0;0;9,9;0,0;0,0;0,0;4834,3;20;0,00;0,00;False;False;4;Right;
RZ22;10;Trajectory;4;10,0;1,178888;31,21976;26,73893;26,73893;435,7421;(-44.15, -0.44, 140.26);34,56958;False;False;1;0,1853703;0,00;0,00;0,00;0;0;0;0;0;10,0;0,0;0,0;0,0;4835,7;20;0,00;0,00;False;False;4;Right;
RZ22;10;Trajectory;4;10,1;0,8731909;30,34659;25,59606;25,59606;434,8687;(-44.37, -0.44, 140.99);29,47672;False;False;1;0,1846993;0,00;0,00;0,00;0;0;0;0;0;10,1;0,0;0,0;0,0;4836,9;20;0,00;0,00;False;False;4;Right;
RZ22;10;Trajectory;4;10,2;0,862832;29,48378;25,02473;25,02473;434,006;(-44.59, -0.43, 141.72);24,42376;False;False;1;0,1841785;0,00;0,00;0,00;0;0;0;0;0;10,2;0,0;0,0;0,0;4837,8;20;0,00;0,00;False;False;4;Right;
RZ22;10;Trajectory;4;10,3;0,6170775;28,86671;24,45338;24,45338;433,389;(-44.75, -0.44, 142.23);20,60504;False;False;1;0,1836464;0,00;0,00;0,00;0;0;0;0;0;10,3;0,0;0,0;0,0;4838,7;20;0,00;0,00;False;False;4;Right;
RZ22;10;Trajectory;4;10,4;0,6527324;28,21399;23,88199;23,88199;432,7365;(-44.92, -0.44, 142.78);18,2048;False;False;1;0,1834269;0,00;0,00;0,00;0;0;0;0;0;10,4;0,0;0,0;0,0;4839,3;20;0,00;0,00;False;False;4;Right;
RZ22;10;Trajectory;4;10,5;0,6317242;27,58228;23,31064;23,31064;432,105;(-45.08, -0.44, 143.31);19,02711;False;False;1;0,183188;0,00;0,00;0,00;0;0;0;0;0;10,5;0,0;0,0;0,0;4840,0;20;0,00;0,00;False;False;4;Right;
RZ22;10;Trajectory;4;10,6;0,6382053;26,94409;23,31064;23,31064;431,467;(-45.24, -0.44, 143.84);19,14592;False;False;1;0,1827312;0,00;0,00;0,00;0;0;0;0;0;10,6;0,0;0,0;0,0;4840,6;20;0,00;0,00;False;False;4;Right;
RZ22;10;Trajectory;4;10,7;0,5516164;26,39249;22,16783;22,16783;430,9154;(-45.38, -0.44, 144.30);19,33702;False;False;1;0,1826605;0,00;0,00;0,00;0;0;0;0;0;10,7;0,0;0,0;0,0;4841,1;20;0,00;0,00;False;False;4;Right;
RZ22;10;Trajectory;4;10,8;0,6485237;25,74399;21,59648;21,59648;430,2667;(-45.55, -0.44, 144.85);19,50199;False;False;1;0,182579;0,00;0,00;0,00;0;0;0;0;0;10,8;0,0;0,0;0,0;4841,8;20;0,00;0,00;False;False;4;Right;
RZ22;10;Trajectory;4;10,9;0,6537343;25,09027;21,02517;21,02517;429,6133;(-45.72, -0.44, 145.39);19,64118;False;False;1;0,1826605;0,00;0,00;0,00;0;0;0;0;0;10,9;0,0;0,0;0,0;4842,4;20;0,00;0,00;False;False;4;Right;
RZ22;10;Trajectory;4;11,0;0,6592935;24,431;20,45363;20,45363;428,9539;(-45.89, -0.44, 145.94);19,77904;False;False;1;0,182579;0,00;0,00;0,00;0;0;0;0;0;11,0;0,0;0,0;0,0;4843,1;20;0,00;0,00;False;False;4;Right;
RZ22;10;Trajectory;4;11,1;0,5694427;23,86158;19,8821;19,8821;428,3846;(-46.03, -0.44, 146.42);19,9609;False;False;1;0,182843;0,00;0,00;0,00;0;0;0;0;0;11,1;0,0;0,0;0,0;4843,8;20;0,00;0,00;False;False;4;Right;
RZ22;10;Trajectory;4;11,2;0,6328933;23,22871;19,31075;19,31075;427,7521;(-46.20, -0.44, 146.95);18,29404;False;False;1;0,18344;0,00;0,00;0,00;0;0;0;0;0;11,2;0,0;0,0;0,0;4844,3;20;0,00;0,00;False;False;4;Right;
RZ22;10;Trajectory;4;11,3;0,5988;22,62993;18,73921;18,73921;427,1534;(-46.35, -0.44, 147.45);17,96696;False;False;1;0,1841119;0,00;0,00;0,00;0;0;0;0;0;11,3;0,0;0,0;0,0;4845,0;20;0,00;0,00;False;False;4;Right;
RZ22;10;Trajectory;4;11,4;0,5175642;22,11238;18,1679;18,1679;426,6354;(-46.48, -0.44, 147.88);18,12339;False;False;1;0,1838479;0,00;0,00;0,00;0;0;0;0;0;11,4;0,0;0,0;0,0;4845,6;20;0,00;0,00;False;False;4;Right;
RZ22;10;Trajectory;4;11,5;0,5219745;21,59043;17,59641;17,59641;426,1136;(-46.62, -0.44, 148.32);18,30647;False;False;1;0,1838479;0,00;0,00;0,00;0;0;0;0;0;11,5;0,0;0,0;0,0;4846,0;20;0,00;0,00;False;False;4;Right;
RZ22;10;Trajectory;4;11,6;0,61439;20,97606;17,02501;17,02501;425,4992;(-46.77, -0.44, 148.83);18,481;False;False;1;0,1837968;0,00;0,00;0,00;0;0;0;0;0;11,6;0,0;0,0;0,0;4846,6;20;0,00;0,00;False;False;4;Right;
RZ22;10;Trajectory;4;11,7;0,620194;20,35589;16,45356;16,45356;424,8793;(-46.93, -0.44, 149.35);18,65503;False;False;1;0,1841927;0,00;0,00;0,00;0;0;0;0;0;11,7;0,0;0,0;0,0;4847,2;20;0,00;0,00;False;False;4;Right;
RZ22;10;Trajectory;4;11,8;0,6259605;19,72995;15,88221;15,88221;424,2533;(-47.09, -0.44, 149.88);18,78129;False;False;1;0,1837772;0,00;0,00;0,00;0;0;0;0;0;11,8;0,0;0,0;0,0;4847,8;20;0,00;0,00;False;False;4;Right;
RZ22;10;Trajectory;4;11,9;0,5411761;19,1888;15,31075;15,31075;423,7123;(-47.23, -0.44, 150.33);18,97574;False;False;1;0,1834726;0,00;0,00;0,00;0;0;0;0;0;11,9;0,0;0,0;0,0;4848,4;20;0,00;0,00;False;False;4;Right;
RZ22;10;Trajectory;4;12,0;0,6364635;18,55236;14,73932;14,73932;423,0758;(-47.39, -0.44, 150.86);19,14357;False;False;1;0,1829756;0,00;0,00;0,00;0;0;0;0;0;12,0;0,0;0,0;0,0;4849,0;20;0,00;0,00;False;False;4;Right;
RZ22;10;Trajectory;4;12,1;0,6420228;17,91036;14,16795;14,16795;422,4338;(-47.56, -0.44, 151.40);19,28603;False;False;1;0,1824982;0,00;0,00;0,00;0;0;0;0;0;12,1;0,0;0,0;0,0;4849,6;20;0,00;0,00;False;False;4;Right;
RZ22;10;Trajectory;4;12,2;0,6476226;17,26277;13,0251;13,0251;421,7863;(-47.72, -0.44, 151.94);19,42718;False;False;1;0,1821838;0,00;0,00;0,00;0;0;0;0;0;12,2;0,0;0,0;0,0;4850,3;20;0,00;0,00;False;False;4;Right;
RZ22;10;Trajectory;4;12,3;0,5598434;16,70295;12,45365;12,45365;421,2268;(-47.86, -0.44, 152.41);19,61416;False;False;1;0,1820929;0,00;0,00;0,00;0;0;0;0;0;12,3;0,0;0,0;0,0;4850,9;20;0,00;0,00;False;False;4;Right;
RZ22;10;Trajectory;4;12,4;0,6572843;16,04571;11,88234;11,88234;420,5697;(-48.03, -0.44, 152.96);19,75274;False;False;1;0,1817062;0,00;0,00;0,00;0;0;0;0;0;12,4;0,0;0,0;0,0;4851,5;20;0,00;0,00;False;False;4;Right;
RZ22;10;Trajectory;4;12,5;0,6632327;15,38252;11,31084;11,31084;419,9062;(-48.20, -0.44, 153.52);19,91232;False;False;1;0,1820827;0,00;0,00;0,00;0;0;0;0;0;12,5;0,0;0,0;0,0;4852,1;20;0,00;0,00;False;False;4;Right;
RZ22;10;Trajectory;4;12,6;0,6350498;14,74751;10,73939;10,73939;419,2712;(-48.36, -0.44, 154.05);19,19724;False;False;1;0,1817925;0,00;0,00;0,00;0;0;0;0;0;12,6;0,0;0,0;0,0;4852,8;20;0,00;0,00;False;False;4;Right;
RZ22;10;Trajectory;4;12,7;0,4297465;14,31779;10,16785;10,16785;418,8417;(-48.47, -0.44, 154.41);18,0505;False;False;1;0,1818997;0,00;0,00;0,00;0;0;0;0;0;12,7;0,0;0,0;0,0;4853,4;20;0,00;0,00;False;False;4;Right;
RZ22;10;Trajectory;4;12,8;0,605814;13,71203;9,596356;9,596356;418,2361;(-48.63, -0.44, 154.91);18,23141;False;False;1;0,1822544;0,00;0,00;0,00;0;0;0;0;0;12,8;0,0;0,0;0,0;4853,9;20;0,00;0,00;False;False;4;Right;
RZ22;10;Trajectory;4;12,9;0,6119887;13,1001;9,025005;9,025005;417,6242;(-48.79, -0.44, 155.43);18,40823;False;False;1;0,1825797;0,00;0,00;0,00;0;0;0;0;0;12,9;0,0;0,0;0,0;4854,5;20;0,00;0,00;False;False;4;Right;
RZ22;10;Trajectory;4;13,0;0,6179181;12,48224;8,45347;8,45347;417,0063;(-48.94, -0.44, 155.94);18,5351;False;False;1;0,1827825;0,00;0,00;0,00;0;0;0;0;0;13,0;0,0;0,0;0,0;4855,1;20;0,00;0,00;False;False;4;Right;
RZ22;10;Trajectory;4;13,1;0,6235587;11,85875;7,881974;7,881974;416,3829;(-49.10, -0.44, 156.46);18,70865;False;False;1;0,1831474;0,00;0,00;0,00;0;0;0;0;0;13,1;0,0;0,0;0,0;4855,7;20;0,00;0,00;False;False;4;Right;
RZ22;10;Trajectory;4;13,2;0,5390006;11,31982;7,310479;7,310479;415,8437;(-49.24, -0.44, 156.92);18,90502;False;False;1;0,1834726;0,00;0,00;0,00;0;0;0;0;0;13,2;0,0;0,0;0,0;4856,2;20;0,00;0,00;False;False;4;Right;
RZ22;10;Trajectory;4;13,3;0,6342255;10,68569;6,738984;6,738984;415,2099;(-49.40, -0.44, 157.45);19,05052;False;False;1;0,184132;0,00;0,00;0,00;0;0;0;0;0;13,3;0,0;0,0;0,0;4856,9;20;0,00;0,00;False;False;4;Right;
RZ22;10;Trajectory;4;13,4;0,6398255;10,04597;6,167447;6,167447;414,5699;(-49.57, -0.44, 157.98);19,21865;False;False;1;0,1856138;0,00;0,00;0,00;0;0;0;0;0;13,4;0,0;0,0;0,0;4857,5;20;0,00;0,00;False;False;4;Right;
RZ22;10;Trajectory;4;13,5;0,5530728;9,493006;5,595951;5,595951;414,0168;(-49.71, -0.44, 158.44);19,36234;False;False;1;0,1860615;0,00;0,00;0,00;0;0;0;0;0;13,5;0,0;0,0;0,0;4858,1;20;0,00;0,00;False;False;4;Right;
RZ22;10;Trajectory;4;13,6;0,5569714;8,936137;5,024642;5,024642;413,4601;(-49.85, -0.44, 158.91);19,52601;False;False;1;0,1863543;0,00;0,00;0,00;0;0;0;0;0;13,6;0,0;0,0;0,0;4858,6;20;0,00;0,00;False;False;4;Right;
RZ22;10;Trajectory;4;13,7;0,6543903;8,281908;4,453187;4,453187;412,8057;(-50.02, -0.44, 159.46);19,68789;False;False;1;0,187095;0,00;0,00;0,00;0;0;0;0;0;13,7;0,0;0,0;0,0;4859,2;20;0,00;0,00;False;False;4;Right;
RZ22;10;Trajectory;4;13,8;0,6599088;7,622188;3,310114;3,310114;412,1462;(-50.19, -0.44, 160.01);19,84864;False;False;1;0,1879398;0,00;0,00;0,00;0;0;0;0;0;13,8;0,0;0,0;0,0;4859,9;20;0,00;0,00;False;False;4;Right;
RZ22;10;Trajectory;4;13,9;0,6654681;6,956944;2,738804;2,738804;411,4807;(-50.36, -0.44, 160.57);19,96139;False;False;1;0,1891048;0,00;0,00;0,00;0;0;0;0;0;13,9;0,0;0,0;0,0;4860,6;20;0,00;0,00;False;False;4;Right;
RZ22;10;Trajectory;4;14,0;0,5189587;6,438198;2,16735;2,16735;410,9616;(-50.50, -0.44, 161.00);17,89176;False;False;1;0,1896155;0,00;0,00;0,00;0;0;0;0;0;14,0;0,0;0,0;0,0;4861,2;20;0,00;0,00;False;False;4;Right;
RZ22;10;Trajectory;4;14,1;0,6006446;5,837836;1,595854;1,595854;410,3611;(-50.65, -0.44, 161.50);18,07083;False;False;1;0,1905868;0,00;0,00;0,00;0;0;0;0;0;14,1;0,0;0,0;0,0;4861,8;20;0,00;0,00;False;False;4;Right;
RZ22;10;Trajectory;4;14,2;0,6067781;5,231415;1,595854;1,595854;409,7545;(-50.81, -0.44, 162.01);18,22457;False;False;1;0,191169;0,00;0,00;0,00;0;0;0;0;0;14,2;0,0;0,0;0,0;4862,4;20;0,00;0,00;False;False;4;Right;
RZ22;10;Trajectory;4;14,3;0,6129261;4,6188;0,4530077;0,4530077;409,1418;(-50.96, -0.44, 162.52);18,39565;False;False;1;0,188476;0,00;0,00;0,00;0;0;0;0;0;14,3;0,0;0,0;0,0;4863,0;20;0,00;0,00;False;False;4;Right;
RZ22;10;Trajectory;4;14,4;0,6178442;4,001403;0;0;408,5239;(-51.12, -0.44, 163.04);18,54706;False;False;1;0,186142;0,00;0,00;0,00;0;0;0;0;0;14,4;0,0;0,0;0,0;4863,6;20;0,00;0,00;False;False;4;Right;
RZ22;10;Trajectory;4;14,5;0,445296;3,556564;0;0;408,0788;(-51.23, -0.44, 163.41);18,72032;False;False;1;0,1853293;0,00;0,00;0,00;0;0;0;0;0;14,5;0,0;0,0;0,0;4864,1;20;0,00;0,00;False;False;4;Right;
RZ22;10;Trajectory;4;14,6;0,5725678;2,984688;0;0;407,5062;(-51.37, -0.44, 163.89);15,91401;False;False;1;0,1815869;0,00;0,00;0,00;0;0;0;0;0;14,6;0,0;0,0;0,0;4864,6;20;0,00;0,00;False;False;4;Right;
RZ22;10;Trajectory;4;14,7;0,4218371;2,563139;0;0;407,0843;(-51.47, -0.43, 164.25);11,43974;False;False;1;0,1702571;0,00;0,00;0,00;0;0;0;0;0;14,7;0,1;0,0;0,0;4865,2;20;0,00;0,00;False;False;4;Right;
RZ22;10;Trajectory;4;14,8;0,2765812;2,286631;0;0;406,8079;(-51.53, -0.43, 164.48);8,299158;True;False;1;0,1580465;0,00;0,00;0,00;0;0;0;0;0;14,8;0,2;0,0;0,0;4865,7;20;0,00;0,00;False;False;4;Right;
RZ22;10;Trajectory;4;14,9;0,1231989;2,163443;0;0;406,6845;(-51.56, -0.43, 164.59);3,294148;True;False;1;0,1511644;0,00;0,00;0,00;0;0;0;0;0;14,9;0,3;0,0;0,0;4865,9;20;0,00;0,00;False;False;4;Right;
RZ22;10;Trajectory;4;15,0;0,09952571;2,064005;0;0;406,5854;(-51.58, -0.44, 164.67);2,780205;True;False;1;0,1475538;0,00;0,00;0,00;0;0;0;0;0;15,0;0,4;0,0;0,0;4866,1;20;0,00;0,00;False;False;4;Right;
RZ22;10;Trajectory;4;15,1;0,08268058;1,981375;0;0;406,5024;(-51.60, -0.44, 164.74);2,421267;True;False;1;0,1449566;0,00;0,00;0,00;0;0;0;0;0;15,1;0,5;0,0;0,0;4866,2;20;0,00;0,00;False;False;4;Right;
RZ22;10;Trajectory;4;15,2;0,06774233;1,913662;0;0;406,4348;(-51.61, -0.44, 164.80);2,029801;True;False;1;0,1421991;0,00;0,00;0,00;0;0;0;0;0;15,2;0,6;0,0;0,0;4866,3;20;0,00;0,00;False;False;4;Right;
RZ22;10;Trajectory;4;15,3;0,05853963;1,855147;0;0;406,3764;(-51.63, -0.44, 164.85);1,776841;True;False;1;0,1398507;0,00;0,00;0,00;0;0;0;0;0;15,3;0,7;0,0;0,0;4866,3;20;0,00;0,00;False;False;4;Right;
RZ22;10;Trajectory;4;15,4;0,04193189;1,813251;0;0;406,3343;(-51.63, -0.44, 164.88);1,754328;True;False;1;0,1385121;0,00;0,00;0,00;0;0;0;0;0;15,4;0,8;0,0;0,0;4866,4;20;0,00;0,00;False;False;4;Right;
RZ22;10;Trajectory;4;15,5;0,05850421;1,754774;0;0;406,2759;(-51.65, -0.44, 164.93);1,730833;True;False;1;0,1361135;0,00;0,00;0,00;0;0;0;0;0;15,5;0,9;0,0;0,0;4866,5;20;0,00;0,00;False;False;4;Right;
RZ22;10;Trajectory;4;15,6;0,05643895;1,698357;0;0;406,2196;(-51.66, -0.44, 164.98);1,709182;True;False;1;0,1335331;0,00;0,00;0,00;0;0;0;0;0;15,6;1,0;0,0;0,0;4866,5;20;0,00;0,00;False;False;4;Right;
RZ22;10;Trajectory;4;15,7;0,0564389;1,641942;0;0;406,1633;(-51.67, -0.44, 165.03);1,687945;True;False;1;0,1308107;0,00;0,00;0,00;0;0;0;0;0;15,7;1,1;0,0;0,0;4866,6;20;0,00;0,00;False;False;4;Right;
RZ22;10;Trajectory;4;15,8;0,05593351;1,586044;0;0;406,1075;(-51.68, -0.44, 165.08);1,668573;True;False;1;0,1285331;0,00;0,00;0,00;0;0;0;0;0;15,8;1,2;0,0;0,0;4866,6;20;0,00;0,00;False;False;4;Right;
RZ22;10;Trajectory;4;15,9;0,04669529;1,539377;0;0;406,0605;(-51.69, -0.44, 165.12);1,647465;True;False;1;0,1266769;0,00;0,00;0,00;0;0;0;0;0;15,9;1,3;0,0;0,0;4866,7;20;0,00;0,00;False;False;4;Right;
RZ22;10;Trajectory;4;16,0;0,05424104;1,485147;0;0;406,0062;(-51.71, -0.44, 165.16);1,626815;True;False;1;0,1233744;0,00;0,00;0,00;0;0;0;0;0;16,0;1,4;0,0;0,0;4866,7;20;0,00;0,00;False;False;4;Right;
RZ22;10;Trajectory;4;16,1;0,05366798;1,431523;0;0;405,9527;(-51.72, -0.44, 165.21);1,606502;True;False;1;0,1213919;0,00;0,00;0,00;0;0;0;0;0;16,1;1,5;0,0;0,0;4866,8;20;0,00;0,00;False;False;4;Right;
RZ22;10;Trajectory;4;16,2;0,05234416;1,379202;0;0;405,9005;(-51.73, -0.44, 165.25);1,588008;True;False;1;0,1186969;0,00;0,00;0,00;0;0;0;0;0;16,2;1,6;0,0;0,0;4866,8;20;0,00;0,00;False;False;4;Right;
RZ22;10;Trajectory;4;16,3;0,03738865;1,341831;0;0;405,8633;(-51.74, -0.44, 165.28);1,568263;True;False;1;0,1168486;0,00;0,00;0,00;0;0;0;0;0;16,3;1,7;0,0;0,0;4866,9;20;0,00;0,00;False;False;4;Right;
RZ22;10;Trajectory;4;16,4;0,05231046;1,289545;0;0;405,811;(-51.75, -0.44, 165.33);1,548626;True;False;1;0,114144;0,00;0,00;0,00;0;0;0;0;0;16,4;1,8;0,0;0,0;4866,9;20;0,00;0,00;False;False;4;Right;
RZ22;10;Trajectory;4;16,5;0,05075748;1,238802;0;0;405,7603;(-51.76, -0.44, 165.37);1,532011;True;False;1;0,1110545;0,00;0,00;0,00;0;0;0;0;0;16,5;1,9;0,0;0,0;4867,0;20;0,00;0,00;False;False;4;Right;
RZ22;10;Trajectory;4;16,6;0,04304116;1,195776;0;0;405,7173;(-51.77, -0.44, 165.41);1,512942;True;False;1;0,1084875;0,00;0,00;0,00;0;0;0;0;0;16,6;2,0;0,0;0,0;4867,0;20;0,00;0,00;False;False;4;Right;
RZ22;10;Trajectory;4;16,7;0,05024743;1,145551;0;0;405,667;(-51.78, -0.44, 165.45);1,493833;True;False;1;0,1056662;0,00;0,00;0,00;0;0;0;0;0;16,7;2,1;0,0;0,0;4867,1;20;0,00;0,00;False;False;4;Right;
RZ22;10;Trajectory;4;16,8;0,04943442;1,096147;0;0;405,6177;(-51.79, -0.44, 165.49);1,474224;True;False;1;0,1031078;0,00;0,00;0,00;0;0;0;0;0;16,8;2,2;0,0;0,0;4867,1;20;0,00;0,00;False;False;4;Right;
RZ22;10;Trajectory;4;16,9;0,04141513;1,054762;0;0;405,5759;(-51.80, -0.44, 165.53);1,458373;True;False;1;0,1011472;0,00;0,00;0,00;0;0;0;0;0;16,9;2,3;0,0;0,0;4867,2;20;0,00;0,00;False;False;4;Right;
RZ22;10;Trajectory;4;17,0;0,04821784;1,00657;0;0;405,5277;(-51.81, -0.44, 165.57);1,44021;True;False;1;0,09834004;0,00;0,00;0,00;0;0;0;0;0;17,0;2,4;0,0;0,0;4867,2;20;0,00;0,00;False;False;4;Right;
RZ22;10;Trajectory;4;17,1;0,04809013;0,9584977;0;0;405,48;(-51.82, -0.44, 165.61);1,422195;True;False;1;0,09507684;0,00;0,00;0,00;0;0;0;0;0;17,1;2,5;0,0;0,0;4867,3;20;0,00;0,00;False;False;4;Right;
RZ22;10;Trajectory;4;17,2;0,04673133;0,9117912;0;0;405,4333;(-51.82, -0.44, 165.65);1,412008;True;False;1;0,0921564;0,00;0,00;0,00;0;0;0;0;0;17,2;2,6;0,0;0,0;4867,3;20;0,00;0,00;False;False;4;Right;
RZ22;10;Trajectory;4;17,3;0,03959007;0,8722271;0;0;405,3938;(-51.83, -0.44, 165.68);1,389335;True;False;1;0,08983172;0,00;0,00;0,00;0;0;0;0;0;17,3;2,7;0,0;0,0;4867,4;20;0,00;0,00;False;False;4;Right;
RZ22;10;Trajectory;4;17,4;0,04618841;0,826072;0;0;405,3476;(-51.84, -0.44, 165.72);1,372147;True;False;1;0,08718114;0,00;0,00;0,00;0;0;0;0;0;17,4;2,8;0,0;0,0;4867,4;20;0,00;0,00;False;False;4;Right;
RZ22;10;Trajectory;4;17,5;0,04588466;0,7802224;0;0;405,3018;(-51.85, -0.44, 165.76);1,359756;True;False;1;0,08441224;0,00;0,00;0,00;0;0;0;0;0;17,5;2,9;0,0;0,0;4867,4;20;0,00;0,00;False;False;4;Right;
RZ22;10;Trajectory;4;17,6;0,04406451;0,7361847;0;0;405,2576;(-51.86, -0.44, 165.80);1,345299;True;False;1;0,08132426;0,00;0,00;0,00;0;0;0;0;0;17,6;3,0;0,0;0,0;4867,5;20;0,00;0,00;False;False;4;Right;
RZ22;10;Trajectory;4;17,7;0,03776958;0,6984408;0;0;405,2199;(-51.87, -0.44, 165.83);1,323789;True;False;1;0,07890559;0,00;0,00;0,00;0;0;0;0;0;17,7;3,1;0,0;0,0;4867,5;20;0,00;0,00;False;False;4;Right;
RZ22;10;Trajectory;4;17,8;0,04406451;0,65441;0;0;405,1758;(-51.88, -0.44, 165.87);1,311855;True;False;1;0,07584386;0,00;0,00;0,00;0;0;0;0;0;17,8;3,2;0,0;0,0;4867,6;20;0,00;0,00;False;False;4;Right;
RZ22;10;Trajectory;4;17,9;0,04324866;0,6112041;0;0;405,133;(-51.88, -0.44, 165.91);1,297951;True;False;1;0,07299943;0,00;0,00;0,00;0;0;0;0;0;17,9;3,3;0,0;0,0;4867,6;20;0,00;0,00;False;False;4;Right;
RZ22;10;Trajectory;4;18,0;0,03613901;0,5751132;0;0;405,0965;(-51.89, -0.44, 165.94);1,276962;True;False;1;0,0709888;0,00;0,00;0,00;0;0;0;0;0;18,0;3,4;0,0;0,0;4867,7;20;0,00;0,00;False;False;4;Right;
RZ22;10;Trajectory;4;18,1;0,04216218;0,5330152;0;0;405,0544;(-51.90, -0.44, 165.97);1,26565;True;False;1;0,06854334;0,00;0,00;0,00;0;0;0;0;0;18,1;3,5;0,0;0,0;4867,7;20;0,00;0,00;False;False;4;Right;
RZ22;10;Trajectory;4;18,2;0,04216218;0,4909283;0;0;405,0123;(-51.91, -0.44, 166.01);1,249657;True;False;1;0,0661134;0,00;0,00;0,00;0;0;0;0;0;18,2;3,6;0,0;0,0;4867,7;20;0,00;0,00;False;False;4;Right;
RZ22;10;Trajectory;4;18,3;0,0414311;0,4495586;0;0;404,9713;(-51.92, -0.44, 166.04);1,236352;True;False;1;0,06309522;0,00;0,00;0,00;0;0;0;0;0;18,3;3,7;0,0;0,0;4867,8;20;0,00;0,00;False;False;4;Right;
RZ22;10;Trajectory;4;18,4;0,02856903;0,4210384;0;0;404,9429;(-51.92, -0.44, 166.07);1,220814;True;False;1;0,06114026;0,00;0,00;0,00;0;0;0;0;0;18,4;3,8;0,0;0,0;4867,8;20;0,00;0,00;False;False;4;Right;
RZ22;10;Trajectory;4;18,5;0,04003906;0,3810869;0;0;404,9028;(-51.93, -0.44, 166.10);1,205745;True;False;1;0,05834093;0,00;0,00;0,00;0;0;0;0;0;18,5;3,9;0,0;0,0;4867,9;20;0,00;0,00;False;False;4;Right;
RZ22;10;Trajectory;4;18,6;0,04003906;0,3411561;0;0;404,8627;(-51.94, -0.44, 166.14);1,190561;True;False;1;0,05564815;0,00;0,00;0,00;0;0;0;0;0;18,6;4,0;0,0;0,0;4867,9;20;0,00;0,00;False;False;4;Right;
RZ22;10;Trajectory;4;18,7;0,04003912;0,301259;0;0;404,8227;(-51.95, -0.44, 166.17);1,177984;True;False;1;0,05307416;0,00;0,00;0,00;0;0;0;0;0;18,7;4,1;0,0;0,0;4867,9;20;0,00;0,00;False;False;4;Right;
RZ22;10;Trajectory;4;18,8;0,03813605;0,263314;0;0;404,7846;(-51.95, -0.44, 166.20);1,163261;True;False;1;0,0510208;0,00;0,00;0,00;0;0;0;0;0;18,8;4,2;0,0;0,0;4868,0;20;0,00;0,00;False;False;4;Right;
RZ22;10;Trajectory;4;18,9;0,03259407;0,2309094;0;0;404,7521;(-51.96, -0.44, 166.23);1,148683;True;False;1;0,04889544;0,00;0,00;0,00;0;0;0;0;0;18,9;4,3;0,0;0,0;4868,0;20;0,00;0,00;False;False;4;Right;
RZ22;10;Trajectory;4;19,0;0,03792289;0,1932616;0;0;404,7141;(-51.97, -0.44, 166.26);1,134243;True;False;1;0,04604603;0,00;0,00;0,00;0;0;0;0;0;19,0;4,4;0,0;0,0;4868,0;20;0,00;0,00;False;False;4;Right;
RZ22;10;Trajectory;4;19,1;0,03792289;0,1557278;0;0;404,6766;(-51.97, -0.44, 166.30);1,122116;True;False;1;0,04342517;0,00;0,00;0,00;0;0;0;0;0;19,1;4,5;0,0;0,0;4868,1;20;0,00;0,00;False;False;4;Right;
RZ22;10;Trajectory;4;19,2;0,03168665;0,1245746;0;0;404,645;(-51.98, -0.44, 166.32);1,108103;True;False;1;0,04126564;0,00;0,00;0,00;0;0;0;0;0;19,2;4,6;0,0;0,0;4868,1;20;0,00;0,00;False;False;4;Right;
RZ22;10;Trajectory;4;19,3;0,03598391;0,08967845;0;0;404,6089;(-51.99, -0.44, 166.36);1,094228;True;False;1;0,03903914;0,00;0,00;0,00;0;0;0;0;0;19,3;4,7;0,0;0,0;4868,2;20;0,00;0,00;False;False;4;Right;
RZ22;10;Trajectory;4;19,4;0,03069839;0,0607295;0;0;404,5782;(-51.99, -0.44, 166.38);1,077265;True;False;1;0,03682428;0,00;0,00;0,00;0;0;0;0;0;19,4;4,8;0,0;0,0;4868,2;20;0,00;0,00;False;False;4;Right;
RZ22;10;Trajectory;4;19,5;0,03561879;0,03138672;0;0;404,5428;(-52.00, -0.44, 166.41);1,06067;True;False;1;0,03357415;0,00;0,00;0,00;0;0;0;0;0;19,5;4,9;0,0;0,0;4868,2;20;0,00;0,00;False;False;4;Right;
RZ22;10;Trajectory;4;19,6;0,02972072;0,02510977;0;0;404,5137;(-52.00, -0.44, 166.44);1,025615;True;False;1;0,03041015;0,00;0,00;0,00;0;0;0;0;0;19,6;5,0;0,0;0,0;4868,3;20;0,00;0,00;False;False;4;Right;
RZ22;10;Trajectory;4;19,7;0,02685692;0,04270546;0;0;404,4876;(-52.00, -0.44, 166.46);0,7512155;True;False;1;0,02791016;0,00;0,00;0,00;0;0;0;0;0;19,7;5,1;0,0;0,0;4868,3;20;0,00;0,00;False;False;4;Right;
RZ22;10;Trajectory;4;19,8;0,01245464;0,05373557;0;0;404,4753;(-52.00, -0.44, 166.47);0;True;False;1;0,02736545;0,00;0,00;0,00;0;0;0;0;0;19,8;5,2;0,0;0,0;4868,3;20;0,00;0,00;False;False;4;Right;
RZ22;10;Trajectory;4;19,9;0,0009358543;0,05290056;0;0;404,4763;(-52.00, -0.44, 166.47);0;True;False;1;0,02727426;0,00;0,00;0,00;0;0;0;0;0;19,9;5,3;0,0;0,0;4868,3;20;0,00;0,00;False;False;4;Right;
RZ22;10;Trajectory;4;20,0;0,01083509;0,04332465;0;0;404,4867;(-52.00, -0.44, 166.46);0;True;False;1;0,02755151;0,00;0,00;0,00;0;0;0;0;0;20,0;5,4;0,0;0,0;4868,3;20;0,00;0,00;False;False;4;Right;
RZ22;10;Trajectory;4;20,1;0,02815386;0,02401175;0;0;404,5149;(-51.99, -0.44, 166.44);0,81572;True;False;1;0,02866187;0,00;0,00;0,00;0;0;0;0;0;20,1;5,5;0,0;0,0;4868,3;20;0,00;0,00;False;False;4;Right;
RZ22;10;Trajectory;4;20,2;0,02194163;0,02597499;0;0;404,5364;(-51.99, -0.44, 166.42);0,785677;True;False;1;0,03030597;0,00;0,00;0,00;0;0;0;0;0;20,2;5,6;0,0;0,0;4868,4;20;0,00;0,00;False;False;4;Right;
RZ22;10;Trajectory;4;20,3;0,02187756;0,04169479;0;0;404,5579;(-51.99, -0.44, 166.40);0,7427288;True;False;1;0,03257803;0,00;0,00;0,00;0;0;0;0;0;20,3;5,7;0,0;0,0;4868,4;20;0,00;0,00;False;False;4;Right;
RZ22;10;Trajectory;4;20,4;0,02376089;0,06293646;0;0;404,5817;(-51.99, -0.44, 166.38);0,7327732;True;False;1;0,03448355;0,00;0,00;0,00;0;0;0;0;0;20,4;5,8;0,0;0,0;4868,4;20;0,00;0,00;False;False;4;Right;
RZ22;10;Trajectory;4;20,5;0,02036639;0,08226403;0;0;404,602;(-51.98, -0.44, 166.36);0,7239776;True;False;1;0,03631147;0,00;0,00;0,00;0;0;0;0;0;20,5;5,9;0,0;0,0;4868,4;20;0,00;0,00;False;False;4;Right;
RZ22;10;Trajectory;4;20,6;0,02388548;0,1053996;0;0;404,6258;(-51.98, -0.44, 166.34);0;True;False;1;0,03795624;0,00;0,00;0,00;0;0;0;0;0;20,6;6,0;0,0;0,0;4868,5;20;0,00;0,00;False;False;4;Right;
RZ22;10;Trajectory;4;20,7;0,02394073;0,1288333;0;0;404,6496;(-51.98, -0.44, 166.32);0;True;False;1;0,03959087;0,00;0,00;0,00;0;0;0;0;0;20,7;6,1;0,0;0,0;4868,5;20;0,00;0,00;False;False;4;Right;
RZ22;10;Trajectory;4;20,8;0,02394083;0,1524146;0;0;404,6734;(-51.97, -0.44, 166.30);0;True;False;1;0,04116388;0,00;0,00;0,00;0;0;0;0;0;20,8;6,2;0,0;0,0;4868,5;20;0,00;0,00;False;False;4;Right;
RZ22;10;Trajectory;4;20,9;0,02024767;0,1724488;0;0;404,6935;(-51.97, -0.44, 166.28);0;True;False;1;0,04258434;0,00;0,00;0,00;0;0;0;0;0;20,9;6,3;0,0;0,0;4868,5;20;0,00;0,00;False;False;4;Right;
RZ22;10;Trajectory;4;21,0;0,02203237;0,1942636;0;0;404,7158;(-51.96, -0.44, 166.26);0;True;False;1;0,04384799;0,00;0,00;0,00;0;0;0;0;0;21,0;6,4;0,0;0,0;4868,5;20;0,00;0,00;False;False;4;Right;
RZ22;10;Trajectory;4;21,1;0,02203237;0,2161367;0;0;404,7376;(-51.96, -0.44, 166.25);0;True;False;1;0,04511259;0,00;0,00;0,00;0;0;0;0;0;21,1;6,5;0,0;0,0;4868,6;20;0,00;0,00;False;False;4;Right;
RZ22;10;Trajectory;4;21,2;0,02203226;0,2380327;0;0;404,7599;(-51.95, -0.44, 166.23);0;True;False;1;0,04644018;0,00;0,00;0,00;0;0;0;0;0;21,2;6,6;0,0;0,0;4868,6;20;0,00;0,00;False;False;4;Right;
RZ22;10;Trajectory;4;21,3;0,01888479;0,2568193;0;0;404,7785;(-51.95, -0.44, 166.21);0;True;False;1;0,04749746;0,00;0,00;0,00;0;0;0;0;0;21,3;6,7;0,0;0,0;4868,6;20;0,00;0,00;False;False;4;Right;
RZ22;10;Trajectory;4;21,4;0,006920824;0,2637276;0;0;404,7855;(-51.95, -0.44, 166.20);0;True;False;1;0,04755029;0,00;0,00;0,00;0;0;0;0;0;21,4;6,8;0,0;0,0;4868,6;20;0,00;0,00;False;False;4;Right;
RZ22;10;Trajectory;4;21,5;0,000893293;0,2639547;0;0;404,7857;(-51.95, -0.44, 166.20);0;True;False;1;0,04789755;0,00;0,00;0,00;0;0;0;0;0;21,5;6,9;0,0;0,0;4868,6;20;0,00;0,00;False;False;4;Right;
RZ22;10;Trajectory;4;21,6;6,975447E-05;0,2639605;0;0;404,7857;(-51.95, -0.44, 166.20);0;True;False;1;0,04785888;0,00;0,00;0,00;0;0;0;0;0;21,6;7,0;0,0;0,0;4868,6;20;0,00;0,00;False;False;4;Right;
RZ22;10;Trajectory;4;21,7;6,975447E-05;0,2639547;0;0;404,7857;(-51.95, -0.44, 166.20);0;True;False;1;0,04789755;0,00;0,00;0,00;0;0;0;0;0;21,7;7,1;0,0;0,0;4868,6;20;0,00;0,00;False;False;4;Right;
RZ22;10;Trajectory;4;21,8;0;0,2639547;0;0;404,7857;(-51.95, -0.44, 166.20);0;True;False;1;0,04789755;0,00;0,00;0,00;0;0;0;0;0;21,8;7,2;0,0;0,0;4868,6;20;0,00;0,00;False;False;4;Right;
RZ22;10;Trajectory;4;21,9;0;0,2639547;0;0;404,7857;(-51.95, -0.44, 166.20);0;True;False;1;0,04789755;0,00;0,00;0,00;0;0;0;0;0;21,9;7,3;0,0;0,0;4868,6;20;0,00;0,00;False;False;4;Right;
RZ22;10;Trajectory;4;22,0;0;0,2639547;0;0;404,7857;(-51.95, -0.44, 166.20);0;True;False;1;0,04789755;0,00;0,00;0,00;0;0;0;0;0;22,0;7,4;0,0;0,0;4868,6;20;0,00;0,00;False;False;4;Right;
RZ22;10;Trajectory;4;22,1;0;0,2639547;0;0;404,7857;(-51.95, -0.44, 166.20);0;True;False;1;0,04789755;0,00;0,00;0,00;0;0;0;0;0;22,1;7,5;0,0;0,0;4868,6;20;0,00;0,00;False;False;4;Right;
RZ22;10;Trajectory;4;22,2;6,975447E-05;0,2639489;0;0;404,7857;(-51.95, -0.44, 166.20);0;True;False;1;0,04793629;0,00;0,00;0,00;0;0;0;0;0;22,2;7,6;0,0;0,0;4868,6;20;0,00;0,00;False;False;4;Right;
RZ22;10;Trajectory;4;22,3;6,975447E-05;0,2639547;0;0;404,7857;(-51.95, -0.44, 166.20);0;True;False;1;0,04789755;0,00;0,00;0,00;0;0;0;0;0;22,3;7,7;0,0;0,0;4868,6;20;0,00;0,00;False;False;4;Right;
RZ22;10;Trajectory;4;22,4;6,975447E-05;0,2639489;0;0;404,7857;(-51.95, -0.44, 166.20);0;True;False;1;0,04793629;0,00;0,00;0,00;0;0;0;0;0;22,4;7,8;0,0;0,0;4868,6;20;0,00;0,00;False;False;4;Right;
RZ22;10;Trajectory;4;22,5;6,975447E-05;0,2639547;0;0;404,7857;(-51.95, -0.44, 166.20);0;True;False;1;0,04789755;0,00;0,00;0,00;0;0;0;0;0;22,5;7,9;0,0;0,0;4868,6;20;0,00;0,00;False;False;4;Right;
RZ22;10;Trajectory;4;22,6;0;0,2639547;0;0;404,7857;(-51.95, -0.44, 166.20);0;True;False;1;0,04789755;0,00;0,00;0,00;0;0;0;0;0;22,6;8,0;0,0;0,0;4868,6;20;0,00;0,00;False;False;4;Right;
RZ22;10;Trajectory;4;22,7;6,975447E-05;0,2639605;0;0;404,7857;(-51.95, -0.44, 166.20);0;True;False;1;0,04785888;0,00;0,00;0,00;0;0;0;0;0;22,7;8,1;0,0;0,0;4868,6;20;0,00;0,00;False;False;4;Right;
RZ22;10;Trajectory;4;22,8;6,975447E-05;0,2639547;0;0;404,7857;(-51.95, -0.44, 166.20);0;True;False;1;0,04789755;0,00;0,00;0,00;0;0;0;0;0;22,8;8,2;0,0;0,0;4868,6;20;0,00;0,00;False;False;4;Right;
RZ22;10;Trajectory;4;22,9;6,975447E-05;0,2639489;0;0;404,7857;(-51.95, -0.44, 166.20);0;True;False;1;0,04793629;0,00;0,00;0,00;0;0;0;0;0;22,9;8,3;0,0;0,0;4868,6;20;0,00;0,00;False;False;4;Right;
RZ22;10;Trajectory;4;23,0;6,975447E-05;0,2639547;0;0;404,7857;(-51.95, -0.44, 166.20);0;True;False;1;0,04789755;0,00;0,00;0,00;0;0;0;0;0;23,0;8,4;0,0;0,0;4868,6;20;0,00;0,00;False;False;4;Right;
RZ22;10;Trajectory;4;23,1;6,975447E-05;0,2639489;0;0;404,7857;(-51.95, -0.44, 166.20);0;True;False;1;0,04793629;0,00;0,00;0,00;0;0;0;0;0;23,1;8,5;0,0;0,0;4868,6;20;0,00;0,00;False;False;4;Right;
RZ22;10;Trajectory;4;23,2;0;0,2639489;0;0;404,7857;(-51.95, -0.44, 166.20);0;True;False;1;0,04793629;0,00;0,00;0,00;0;0;0;0;0;23,2;8,6;0,0;0,0;4868,6;20;0,00;0,00;False;False;4;Right;
RZ22;10;Trajectory;4;23,3;6,975447E-05;0,2639547;0;0;404,7857;(-51.95, -0.44, 166.20);0;True;False;1;0,04789755;0,00;0,00;0,00;0;0;0;0;0;23,3;8,7;0,0;0,0;4868,6;20;0,00;0,00;False;False;4;Right;
RZ22;10;Trajectory;4;23,4;6,975447E-05;0,2639489;0;0;404,7857;(-51.95, -0.44, 166.20);0;True;False;1;0,04793629;0,00;0,00;0,00;0;0;0;0;0;23,4;8,8;0,0;0,0;4868,6;20;0,00;0,00;False;False;4;Right;
RZ22;10;Trajectory;4;23,5;6,975447E-05;0,2639547;0;0;404,7857;(-51.95, -0.44, 166.20);0;True;False;1;0,04789755;0,00;0,00;0,00;0;0;0;0;0;23,5;8,9;0,0;0,0;4868,6;20;0,00;0,00;False;False;4;Right;
RZ22;10;Trajectory;4;23,6;6,975447E-05;0,2639489;0;0;404,7857;(-51.95, -0.44, 166.20);0;True;False;1;0,04793629;0,00;0,00;0,00;0;0;0;0;0;23,6;9,0;0,0;0,0;4868,6;20;0,00;0,00;False;False;4;Right;
RZ22;10;Trajectory;4;23,7;6,975447E-05;0,2639547;0;0;404,7857;(-51.95, -0.44, 166.20);0;True;False;1;0,04789755;0,00;0,00;0,00;0;0;0;0;0;23,7;9,1;0,0;0,0;4868,6;20;0,00;0,00;False;False;4;Right;
RZ22;10;Trajectory;4;23,8;0;0,2639547;0;0;404,7857;(-51.95, -0.44, 166.20);0;True;False;1;0,04789755;0,00;0,00;0,00;0;0;0;0;0;23,8;9,2;0,0;0,0;4868,6;20;0,00;0,00;False;False;4;Right;
RZ22;10;Trajectory;4;23,9;0;0,2639547;0;0;404,7857;(-51.95, -0.44, 166.20);0;True;False;1;0,04789755;0,00;0,00;0,00;0;0;0;0;0;23,9;9,3;0,0;0,0;4868,6;20;0,00;0,00;False;False;4;Right;
RZ22;10;Trajectory;4;24,0;0;0,2639547;0;0;404,7857;(-51.95, -0.44, 166.20);0;True;False;1;0,04789755;0,00;0,00;0,00;0;0;0;0;0;24,0;9,4;0,0;0,0;4868,6;20;0,00;0,00;False;False;4;Right;
RZ22;10;Trajectory;4;24,1;0;0,2639547;0;0;404,7857;(-51.95, -0.44, 166.20);0;True;False;1;0,04789755;0,00;0,00;0,00;0;0;0;0;0;24,1;9,5;0,0;0,0;4868,6;20;0,00;0,00;False;False;4;Right;
RZ22;10;Trajectory;4;24,2;0;0,2639547;0;0;404,7857;(-51.95, -0.44, 166.20);0;True;False;1;0,04789755;0,00;0,00;0,00;0;0;0;0;0;24,2;9,6;0,0;0,0;4868,6;20;0,00;0,00;False;False;4;Right;
RZ22;10;Trajectory;4;24,3;0;0,2639547;0;0;404,7857;(-51.95, -0.44, 166.20);0;True;False;1;0,04789755;0,00;0,00;0,00;0;0;0;0;0;24,3;9,7;0,0;0,0;4868,6;20;0,00;0,00;False;False;4;Right;
RZ22;10;Trajectory;4;24,4;0;0,2639547;0;0;404,7857;(-51.95, -0.44, 166.20);0;True;False;1;0,04789755;0,00;0,00;0,00;0;0;0;0;0;24,4;9,8;0,0;0,0;4868,6;20;0,00;0,00;False;False;4;Right;
RZ22;10;Trajectory;4;24,5;0;0,2639547;0;0;404,7857;(-51.95, -0.44, 166.20);0;True;False;1;0,04789755;0,00;0,00;0,00;0;0;0;0;0;24,5;9,9;0,0;0,0;4868,6;20;0,00;0,00;False;False;4;Right;
RZ22;10;Trajectory;4;24,6;0;0,2639547;0;0;404,7857;(-51.95, -0.44, 166.20);0;True;False;1;0,04789755;0,00;0,00;0,00;0;0;0;0;0;24,6;10,0;0,0;0,0;4868,6;20;0,00;0,00;False;False;4;Right;
RZ22;10;Trajectory;4;24,7;0;0,2639547;0;0;404,7857;(-51.95, -0.44, 166.20);0;True;False;1;0,04789755;0,00;0,00;0,00;0;0;0;0;0;24,7;10,1;0,0;0,0;4868,6;20;0,00;0,00;False;False;4;Right;
RZ22;10;Trajectory;4;24,8;0;0,2639547;0;0;404,7857;(-51.95, -0.44, 166.20);0;True;False;1;0,04789755;0,00;0,00;0,00;0;0;0;0;0;24,8;10,2;0,0;0,0;4868,6;20;0,00;0,00;False;False;4;Right;
RZ22;10;Trajectory;4;24,9;0;0,2639547;0;0;404,7857;(-51.95, -0.44, 166.20);0;True;False;1;0,04789755;0,00;0,00;0,00;0;0;0;0;0;24,9;10,3;0,0;0,0;4868,6;20;0,00;0,00;False;False;4;Right;
RZ22;10;Trajectory;4;25,0;0;0,2639547;0;0;404,7857;(-51.95, -0.44, 166.20);0;True;False;1;0,04789755;0,00;0,00;0,00;0;0;0;0;0;25,0;10,4;0,0;0,0;4868,6;20;0,00;0,00;False;False;4;Right;
RZ22;10;Trajectory;4;25,1;0;0,2639547;0;0;404,7857;(-51.95, -0.44, 166.20);0;True;False;1;0,04789755;0,00;0,00;0,00;0;0;0;0;0;25,1;10,5;0,0;0,0;4868,6;20;0,00;0,00;False;False;4;Right;
RZ22;10;Trajectory;4;25,2;0;0,2639547;0;0;404,7857;(-51.95, -0.44, 166.20);0;True;False;1;0,04789755;0,00;0,00;0,00;0;0;0;0;0;25,2;10,6;0,0;0,0;4868,6;20;0,00;0,00;False;False;4;Right;
RZ22;10;Trajectory;4;25,3;0;0,2639547;0;0;404,7857;(-51.95, -0.44, 166.20);0;True;False;1;0,04789755;0,00;0,00;0,00;0;0;0;0;0;25,3;10,7;0,0;0,0;4868,6;20;0,00;0,00;False;False;4;Right;
RZ22;10;Trajectory;4;25,4;0;0,2639547;0;0;404,7857;(-51.95, -0.44, 166.20);0;True;False;1;0,04789755;0,00;0,00;0,00;0;0;0;0;0;25,4;10,8;0,0;0,0;4868,6;20;0,00;0,00;False;False;4;Right;
RZ22;10;Trajectory;4;25,5;0;0,2639547;0;0;404,7857;(-51.95, -0.44, 166.20);0;True;False;1;0,04789755;0,00;0,00;0,00;0;0;0;0;0;25,5;10,9;0,0;0,0;4868,6;20;0,00;0,00;False;False;4;Right;
RZ22;10;Trajectory;4;25,6;0;0,2639547;0;0;404,7857;(-51.95, -0.44, 166.20);0;True;False;1;0,04789755;0,00;0,00;0,00;0;0;0;0;0;25,6;11,0;0,0;0,0;4868,6;20;0,00;0,00;False;False;4;Right;
RZ22;10;Trajectory;4;25,7;6,975447E-05;0,2639489;0;0;404,7857;(-51.95, -0.44, 166.20);0;True;False;1;0,04793629;0,00;0,00;0,00;0;0;0;0;0;25,7;11,1;0,0;0,0;4868,6;20;0,00;0,00;False;False;4;Right;
RZ22;10;Trajectory;4;25,8;6,975447E-05;0,2639547;0;0;404,7857;(-51.95, -0.44, 166.20);0;True;False;1;0,04789755;0,00;0,00;0,00;0;0;0;0;0;25,8;11,2;0,0;0,0;4868,6;20;0,00;0,00;False;False;4;Right;
RZ22;10;Trajectory;4;25,9;6,975447E-05;0,2639605;0;0;404,7857;(-51.95, -0.44, 166.20);0;True;False;1;0,04785888;0,00;0,00;0,00;0;0;0;0;0;25,9;11,3;0,0;0,0;4868,6;20;0,00;0,00;False;False;4;Right;
RZ22;10;Trajectory;4;26,0;6,975447E-05;0,2639547;0;0;404,7857;(-51.95, -0.44, 166.20);0;True;False;1;0,04789755;0,00;0,00;0,00;0;0;0;0;0;26,0;11,4;0,0;0,0;4868,6;20;0,00;0,00;False;False;4;Right;
RZ22;10;Trajectory;4;26,1;0;0,2639547;0;0;404,7857;(-51.95, -0.44, 166.20);0;True;False;1;0,04789755;0,00;0,00;0,00;0;0;0;0;0;26,1;11,5;0,0;0,0;4868,6;20;0,00;0,00;False;False;4;Right;
RZ22;10;Trajectory;4;26,2;0;0,2639547;0;0;404,7857;(-51.95, -0.44, 166.20);0;True;False;1;0,04789755;0,00;0,00;0,00;0;0;0;0;0;26,2;11,6;0,0;0,0;4868,6;20;0,00;0,00;False;False;4;Right;
RZ22;10;Trajectory;4;26,3;0;0,2639547;0;0;404,7857;(-51.95, -0.44, 166.20);0;True;False;1;0,04789755;0,00;0,00;0,00;0;0;0;0;0;26,3;11,7;0,0;0,0;4868,6;20;0,00;0,00;False;False;4;Right;
RZ22;10;Trajectory;4;26,4;0;0,2639547;0;0;404,7857;(-51.95, -0.44, 166.20);0;True;False;1;0,04789755;0,00;0,00;0,00;0;0;0;0;0;26,4;11,8;0,0;0,0;4868,6;20;0,00;0,00;False;False;4;Right;
RZ22;10;Trajectory;4;26,5;0;0,2639547;0;0;404,7857;(-51.95, -0.44, 166.20);0;True;False;1;0,04789755;0,00;0,00;0,00;0;0;0;0;0;26,5;11,9;0,0;0,0;4868,6;20;0,00;0,00;False;False;4;Right;
RZ22;10;Trajectory;4;26,6;0;0,2639547;0;0;404,7857;(-51.95, -0.44, 166.20);0;True;False;1;0,04789755;0,00;0,00;0,00;0;0;0;0;0;26,6;12,0;0,0;0,0;4868,6;20;0,00;0,00;False;False;4;Right;
RZ22;10;Trajectory;4;26,7;0;0,2639547;0;0;404,7857;(-51.95, -0.44, 166.20);0;True;False;1;0,04789755;0,00;0,00;0,00;0;0;0;0;0;26,7;12,1;0,0;0,0;4868,6;20;0,00;0,00;False;False;4;Right;
RZ22;10;Trajectory;4;26,8;6,975447E-05;0,2639605;0;0;404,7857;(-51.95, -0.44, 166.20);0;True;False;1;0,04785888;0,00;0,00;0,00;0;0;0;0;0;26,8;12,2;0,0;0,0;4868,6;20;0,00;0,00;False;False;4;Right;
RZ22;10;Trajectory;4;26,9;0;0,2639605;0;0;404,7857;(-51.95, -0.44, 166.20);0;True;False;1;0,04785888;0,00;0,00;0,00;0;0;0;0;0;26,9;12,3;0,0;0,0;4868,6;20;0,00;0,00;False;False;4;Right;
RZ22;10;Trajectory;4;27,0;0,0001395089;0,2639489;0;0;404,7857;(-51.95, -0.44, 166.20);0;True;False;1;0,04793629;0,00;0,00;0,00;0;0;0;0;0;27,0;12,4;0,0;0,0;4868,6;20;0,00;0,00;False;False;4;Right;
RZ22;10;Trajectory;4;27,1;6,975447E-05;0,2639547;0;0;404,7857;(-51.95, -0.44, 166.20);0;True;False;1;0,04789755;0,00;0,00;0,00;0;0;0;0;0;27,1;12,5;0,0;0,0;4868,6;20;0,00;0,00;False;False;4;Right;
RZ22;10;Trajectory;4;27,2;6,975447E-05;0,2639489;0;0;404,7857;(-51.95, -0.44, 166.20);0;True;False;1;0,04793629;0,00;0,00;0,00;0;0;0;0;0;27,2;12,6;0,0;0,0;4868,6;20;0,00;0,00;False;False;4;Right;
RZ22;10;Trajectory;4;27,3;6,975447E-05;0,2639547;0;0;404,7857;(-51.95, -0.44, 166.20);0;True;False;1;0,04789755;0,00;0,00;0,00;0;0;0;0;0;27,3;12,7;0,0;0,0;4868,6;20;0,00;0,00;False;False;4;Right;
RZ22;10;Trajectory;4;27,4;0;0,2639547;0;0;404,7857;(-51.95, -0.44, 166.20);0;True;False;1;0,04789755;0,00;0,00;0,00;0;0;0;0;0;27,4;12,8;0,0;0,0;4868,6;20;0,00;0,00;False;False;4;Right;
RZ22;10;Trajectory;4;27,5;0;0,2639547;0;0;404,7857;(-51.95, -0.44, 166.20);0;True;False;1;0,04789755;0,00;0,00;0,00;0;0;0;0;0;27,5;12,9;0,0;0,0;4868,6;20;0,00;0,00;False;False;4;Right;
RZ22;10;Trajectory;4;27,6;0;0,2639547;0;0;404,7857;(-51.95, -0.44, 166.20);0;True;False;1;0,04789755;0,00;0,00;0,00;0;0;0;0;0;27,6;13,0;0,0;0,0;4868,6;20;0,00;0,00;False;False;4;Right;
RZ22;10;Trajectory;4;27,7;6,975447E-05;0,2639489;0;0;404,7857;(-51.95, -0.44, 166.20);0;True;False;1;0,04793629;0,00;0,00;0,00;0;0;0;0;0;27,7;13,1;0,0;0,0;4868,6;20;0,00;0,00;False;False;4;Right;
RZ22;10;Trajectory;4;27,8;6,975447E-05;0,2639547;0;0;404,7857;(-51.95, -0.44, 166.20);0;True;False;1;0,04789755;0,00;0,00;0,00;0;0;0;0;0;27,8;13,2;0,0;0,0;4868,6;20;0,00;0,00;False;False;4;Right;
RZ22;10;Trajectory;4;27,9;0;0,2639547;0;0;404,7857;(-51.95, -0.44, 166.20);0;True;False;1;0,04789755;0,00;0,00;0,00;0;0;0;0;0;27,9;13,3;0,0;0,0;4868,6;20;0,00;0,00;False;False;4;Right;
RZ22;10;Trajectory;4;28,0;0;0,2639547;0;0;404,7857;(-51.95, -0.44, 166.20);0;True;False;1;0,04789755;0,00;0,00;0,00;0;0;0;0;0;28,0;13,4;0,0;0,0;4868,6;20;0,00;0,00;False;False;4;Right;
RZ22;10;Trajectory;4;28,1;6,975447E-05;0,2639489;0;0;404,7857;(-51.95, -0.44, 166.20);0;True;False;1;0,04793629;0,00;0,00;0,00;0;0;0;0;0;28,1;13,5;0,0;0,0;4868,6;20;0,00;0,00;False;False;4;Right;
RZ22;10;Trajectory;4;28,2;6,975447E-05;0,2639547;0;0;404,7857;(-51.95, -0.44, 166.20);0;True;False;1;0,04789755;0,00;0,00;0,00;0;0;0;0;0;28,2;13,6;0,0;0,0;4868,6;20;0,00;0,00;False;False;4;Right;
RZ22;10;Trajectory;4;28,3;0;0,2639547;0;0;404,7857;(-51.95, -0.44, 166.20);0;True;False;1;0,04789755;0,00;0,00;0,00;0;0;0;0;0;28,3;13,7;0,0;0,0;4868,6;20;0,00;0,00;False;False;4;Right;
RZ22;10;Trajectory;4;28,4;0;0,2639547;0;0;404,7857;(-51.95, -0.44, 166.20);0;True;False;1;0,04789755;0,00;0,00;0,00;0;0;0;0;0;28,4;13,8;0,0;0,0;4868,6;20;0,00;0,00;False;False;4;Right;
RZ22;10;Trajectory;4;28,5;0;0,2639547;0;0;404,7857;(-51.95, -0.44, 166.20);0;True;False;1;0,04789755;0,00;0,00;0,00;0;0;0;0;0;28,5;13,9;0,0;0,0;4868,6;20;0,00;0,00;False;False;4;Right;
RZ22;10;Trajectory;4;28,6;0;0,2639547;0;0;404,7857;(-51.95, -0.44, 166.20);0;True;False;1;0,04789755;0,00;0,00;0,00;0;0;0;0;0;28,6;14,0;0,0;0,0;4868,6;20;0,00;0,00;False;False;4;Right;
RZ22;10;Trajectory;4;28,7;0;0,2639547;0;0;404,7857;(-51.95, -0.44, 166.20);0;True;False;1;0,04789755;0,00;0,00;0,00;0;0;0;0;0;28,7;14,1;0,0;0,0;4868,6;20;0,00;0,00;False;False;4;Right;
RZ22;10;Trajectory;4;28,8;0;0,2639547;0;0;404,7857;(-51.95, -0.44, 166.20);0;True;False;1;0,04789755;0,00;0,00;0,00;0;0;0;0;0;28,8;14,2;0,0;0,0;4868,6;20;0,00;0,00;False;False;4;Right;
RZ22;10;Trajectory;4;28,9;0;0,2639547;0;0;404,7857;(-51.95, -0.44, 166.20);0;True;False;1;0,04789755;0,00;0,00;0,00;0;0;0;0;0;28,9;14,3;0,0;0,0;4868,6;20;0,00;0,00;False;False;4;Right;
RZ22;10;Trajectory;4;29,0;0;0,2639547;0;0;404,7857;(-51.95, -0.44, 166.20);0;True;False;1;0,04789755;0,00;0,00;0,00;0;0;0;0;0;29,0;14,4;0,0;0,0;4868,6;20;0,00;0,00;False;False;4;Right;
RZ22;10;Trajectory;4;29,1;0;0,2639547;0;0;404,7857;(-51.95, -0.44, 166.20);0;True;False;1;0,04789755;0,00;0,00;0,00;0;0;0;0;0;29,1;14,5;0,0;0,0;4868,6;20;0,00;0,00;False;False;4;Right;
RZ22;10;Trajectory;4;29,2;0;0,2639547;0;0;404,7857;(-51.95, -0.44, 166.20);0;True;False;1;0,04789755;0,00;0,00;0,00;0;0;0;0;0;29,2;14,6;0,0;0,0;4868,6;20;0,00;0,00;False;False;4;Right;
RZ22;10;Trajectory;4;29,3;0;0,2639547;0;0;404,7857;(-51.95, -0.44, 166.20);0;True;False;1;0,04789755;0,00;0,00;0,00;0;0;0;0;0;29,3;14,7;0,0;0,0;4868,6;20;0,00;0,00;False;False;4;Right;
RZ22;10;Trajectory;4;29,4;0;0,2639547;0;0;404,7857;(-51.95, -0.44, 166.20);0;True;False;1;0,04789755;0,00;0,00;0,00;0;0;0;0;0;29,4;14,8;0,0;0,0;4868,6;20;0,00;0,00;False;False;4;Right;
RZ22;10;Trajectory;4;29,5;0;0,2639547;0;0;404,7857;(-51.95, -0.44, 166.20);0;True;False;1;0,04789755;0,00;0,00;0,00;0;0;0;0;0;29,5;14,9;0,0;0,0;4868,6;20;0,00;0,00;False;False;4;Right;
RZ22;10;Trajectory;4;29,6;0;0,2639547;0;0;404,7857;(-51.95, -0.44, 166.20);0;True;False;1;0,04789755;0,00;0,00;0,00;0;0;0;0;0;29,6;15,0;0,0;0,0;4868,6;20;0,00;0,00;False;False;4;Right;
RZ22;10;Trajectory;4;29,7;0;0,2639547;0;0;404,7857;(-51.95, -0.44, 166.20);0;True;False;1;0,04789755;0,00;0,00;0,00;0;0;0;0;0;29,7;15,1;0,0;0,0;4868,6;20;0,00;0,00;False;False;4;Right;
RZ22;10;Trajectory;4;29,8;0;0,2639547;0;0;404,7857;(-51.95, -0.44, 166.20);0;True;False;1;0,04789755;0,00;0,00;0,00;0;0;0;0;0;29,8;15,2;0,0;0,0;4868,6;20;0,00;0,00;False;False;4;Right;
RZ22;10;Trajectory;4;29,9;0;0,2639547;0;0;404,7857;(-51.95, -0.44, 166.20);0;True;False;1;0,04789755;0,00;0,00;0,00;0;0;0;0;0;29,9;15,3;0,0;0,0;4868,6;20;0,00;0,00;False;False;4;Right;
RZ22;10;Trajectory;4;30,0;0;0,2639547;0;0;404,7857;(-51.95, -0.44, 166.20);0;True;False;1;0,04789755;0,00;0,00;0,00;0;0;0;0;0;30,0;15,4;0,0;0,0;4868,6;20;0,00;0,00;False;False;4;Right;
RZ22;10;Trajectory;4;30,1;6,975447E-05;0,2639489;0;0;404,7857;(-51.95, -0.44, 166.20);0;True;False;1;0,04793629;0,00;0,00;0,00;0;0;0;0;0;30,1;15,5;0,0;0,0;4868,6;20;0,00;0,00;False;False;4;Right;
RZ22;10;Trajectory;4;30,2;6,975447E-05;0,2639547;0;0;404,7857;(-51.95, -0.44, 166.20);0;True;False;1;0,04789755;0,00;0,00;0,00;0;0;0;0;0;30,2;15,6;0,0;0,0;4868,6;20;0,00;0,00;False;False;4;Right;
RZ22;10;Trajectory;4;30,3;0;0,2639547;0;0;404,7857;(-51.95, -0.44, 166.20);0;True;False;1;0,04789755;0,00;0,00;0,00;0;0;0;0;0;30,3;15,7;0,0;0,0;4868,6;20;0,00;0,00;False;False;4;Right;
RZ22;10;Trajectory;4;30,4;0;0,2639547;0;0;404,7857;(-51.95, -0.44, 166.20);0;True;False;1;0,04789755;0,00;0,00;0,00;0;0;0;0;0;30,4;15,8;0,0;0,0;4868,6;20;0,00;0,00;False;False;4;Right;
RZ22;10;Trajectory;4;30,5;0;0,2639547;0;0;404,7857;(-51.95, -0.44, 166.20);0;True;False;1;0,04789755;0,00;0,00;0,00;0;0;0;0;0;30,5;15,9;0,0;0,0;4868,6;20;0,00;0,00;False;False;4;Right;
RZ22;10;Trajectory;4;30,6;0;0,2639547;0;0;404,7857;(-51.95, -0.44, 166.20);0;True;False;1;0,04789755;0,00;0,00;0,00;0;0;0;0;0;30,6;16,0;0,0;0,0;4868,6;20;0,00;0,00;False;False;4;Right;
RZ22;10;Trajectory;4;30,7;6,975447E-05;0,2639489;0;0;404,7857;(-51.95, -0.44, 166.20);0;True;False;1;0,04793629;0,00;0,00;0,00;0;0;0;0;0;30,7;16,1;0,0;0,0;4868,6;20;0,00;0,00;False;False;4;Right;
RZ22;10;Trajectory;4;30,8;6,975447E-05;0,2639547;0;0;404,7857;(-51.95, -0.44, 166.20);0;True;False;1;0,04789755;0,00;0,00;0,00;0;0;0;0;0;30,8;16,2;0,0;0,0;4868,6;20;0,00;0,00;False;False;4;Right;
RZ22;10;Trajectory;4;30,9;6,975447E-05;0,2639489;0;0;404,7857;(-51.95, -0.44, 166.20);0;True;False;1;0,04793629;0,00;0,00;0,00;0;0;0;0;0;30,9;16,3;0,0;0,0;4868,6;20;0,00;0,00;False;False;4;Right;
RZ22;10;Trajectory;4;31,0;6,975447E-05;0,2639547;0;0;404,7857;(-51.95, -0.44, 166.20);0;True;False;1;0,04789755;0,00;0,00;0,00;0;0;0;0;0;31,0;16,4;0,0;0,0;4868,6;20;0,00;0,00;False;False;4;Right;
RZ22;10;Trajectory;4;31,1;0;0,2639547;0;0;404,7857;(-51.95, -0.44, 166.20);0;True;False;1;0,04789755;0,00;0,00;0,00;0;0;0;0;0;31,1;16,5;0,0;0,0;4868,6;20;0,00;0,00;False;False;4;Right;
RZ22;10;Trajectory;4;31,2;0;0,2639547;0;0;404,7857;(-51.95, -0.44, 166.20);0;True;False;1;0,04789755;0,00;0,00;0,00;0;0;0;0;0;31,2;16,6;0,0;0,0;4868,6;20;0,00;0,00;False;False;4;Right;
RZ22;10;Trajectory;4;31,3;0;0,2639547;0;0;404,7857;(-51.95, -0.44, 166.20);0;True;False;1;0,04789755;0,00;0,00;0,00;0;0;0;0;0;31,3;16,7;0,0;0,0;4868,6;20;0,00;0,00;False;False;4;Right;
RZ22;10;Trajectory;4;31,4;0;0,2639547;0;0;404,7857;(-51.95, -0.44, 166.20);0;True;False;1;0,04789755;0,00;0,00;0,00;0;0;0;0;0;31,4;16,8;0,0;0,0;4868,6;20;0,00;0,00;False;False;4;Right;
RZ22;10;Trajectory;4;31,5;0;0,2639547;0;0;404,7857;(-51.95, -0.44, 166.20);0;True;False;1;0,04789755;0,00;0,00;0,00;0;0;0;0;0;31,5;16,9;0,0;0,0;4868,6;20;0,00;0,00;False;False;4;Right;
RZ22;10;Trajectory;4;31,6;0;0,2639547;0;0;404,7857;(-51.95, -0.44, 166.20);0;True;False;1;0,04789755;0,00;0,00;0,00;0;0;0;0;0;31,6;17,0;0,0;0,0;4868,6;20;0,00;0,00;False;False;4;Right;
RZ22;10;Trajectory;4;31,7;0;0,2639547;0;0;404,7857;(-51.95, -0.44, 166.20);0;True;False;1;0,04789755;0,00;0,00;0,00;0;0;0;0;0;31,7;17,1;0,0;0,0;4868,6;20;0,00;0,00;False;False;4;Right;
RZ22;10;Trajectory;4;31,8;6,975447E-05;0,2639605;0;0;404,7857;(-51.95, -0.44, 166.20);0;True;False;1;0,04785888;0,00;0,00;0,00;0;0;0;0;0;31,8;17,2;0,0;0,0;4868,6;20;0,00;0,00;False;False;4;Right;
RZ22;10;Trajectory;4;31,9;6,975447E-05;0,2639547;0;0;404,7857;(-51.95, -0.44, 166.20);0;True;False;1;0,04789755;0,00;0,00;0,00;0;0;0;0;0;31,9;17,3;0,0;0,0;4868,6;20;0,00;0,00;False;False;4;Right;
RZ22;10;Trajectory;4;32,0;0;0,2639547;0;0;404,7857;(-51.95, -0.44, 166.20);0;True;False;1;0,04789755;0,00;0,00;0,00;0;0;0;0;0;32,0;17,4;0,0;0,0;4868,6;20;0,00;0,00;False;False;4;Right;
RZ22;10;Trajectory;4;32,1;6,975447E-05;0,2639605;0;0;404,7857;(-51.95, -0.44, 166.20);0;True;False;1;0,04785888;0,00;0,00;0,00;0;0;0;0;0;32,1;17,5;0,0;0,0;4868,6;20;0,00;0,00;False;False;4;Right;
RZ22;10;Trajectory;4;32,2;6,975447E-05;0,2639547;0;0;404,7857;(-51.95, -0.44, 166.20);0;True;False;1;0,04789755;0,00;0,00;0,00;0;0;0;0;0;32,2;17,6;0,0;0,0;4868,6;20;0,00;0,00;False;False;4;Right;
RZ22;10;Trajectory;4;32,3;0;0,2639547;0;0;404,7857;(-51.95, -0.44, 166.20);0;True;False;1;0,04789755;0,00;0,00;0,00;0;0;0;0;0;32,3;17,7;0,0;0,0;4868,6;20;0,00;0,00;False;False;4;Right;
RZ22;10;Trajectory;4;32,4;0;0,2639547;0;0;404,7857;(-51.95, -0.44, 166.20);0;True;False;1;0,04789755;0,00;0,00;0,00;0;0;0;0;0;32,4;17,8;0,0;0,0;4868,6;20;0,00;0,00;False;False;4;Right;
RZ22;10;Trajectory;4;32,5;0;0,2639547;0;0;404,7857;(-51.95, -0.44, 166.20);0;True;False;1;0,04789755;0,00;0,00;0,00;0;0;0;0;0;32,5;17,9;0,0;0,0;4868,6;20;0,00;0,00;False;False;4;Right;
RZ22;10;Trajectory;4;32,6;0;0,2639547;0;0;404,7857;(-51.95, -0.44, 166.20);0;True;False;1;0,04789755;0,00;0,00;0,00;0;0;0;0;0;32,6;18,0;0,0;0,0;4868,6;20;0,00;0,00;False;False;4;Right;
RZ22;10;Trajectory;4;32,7;0;0,2639547;0;0;404,7857;(-51.95, -0.44, 166.20);0;True;False;1;0,04789755;0,00;0,00;0,00;0;0;0;0;0;32,7;18,1;0,0;0,0;4868,6;20;0,00;0,00;False;False;4;Right;
RZ22;10;Trajectory;4;32,8;0;0,2639547;0;0;404,7857;(-51.95, -0.44, 166.20);0;True;False;1;0,04789755;0,00;0,00;0,00;0;0;0;0;0;32,8;18,2;0,0;0,0;4868,6;20;0,00;0,00;False;False;4;Right;
RZ22;10;Trajectory;4;32,9;0;0,2639547;0;0;404,7857;(-51.95, -0.44, 166.20);0;True;False;1;0,04789755;0,00;0,00;0,00;0;0;0;0;0;32,9;18,3;0,0;0,0;4868,6;20;0,00;0,00;False;False;4;Right;
RZ22;10;Trajectory;4;33,0;0;0,2639547;0;0;404,7857;(-51.95, -0.44, 166.20);0;True;False;1;0,04789755;0,00;0,00;0,00;0;0;0;0;0;33,0;18,4;0,0;0,0;4868,6;20;0,00;0,00;False;False;4;Right;
RZ22;10;Trajectory;4;33,1;0;0,2639547;0;0;404,7857;(-51.95, -0.44, 166.20);0;True;False;1;0,04789755;0,00;0,00;0,00;0;0;0;0;0;33,1;18,5;0,0;0,0;4868,6;20;0,00;0,00;False;False;4;Right;
RZ22;10;Trajectory;4;33,2;0;0,2639547;0;0;404,7857;(-51.95, -0.44, 166.20);0;True;False;1;0,04789755;0,00;0,00;0,00;0;0;0;0;0;33,2;18,6;0,0;0,0;4868,6;20;0,00;0,00;False;False;4;Right;
RZ22;10;Trajectory;4;33,3;0;0,2639547;0;0;404,7857;(-51.95, -0.44, 166.20);0;True;False;1;0,04789755;0,00;0,00;0,00;0;0;0;0;0;33,3;18,7;0,0;0,0;4868,6;20;0,00;0,00;False;False;4;Right;
RZ22;10;Trajectory;4;33,4;0;0,2639547;0;0;404,7857;(-51.95, -0.44, 166.20);0;True;False;1;0,04789755;0,00;0,00;0,00;0;0;0;0;0;33,4;18,8;0,0;0,0;4868,6;20;0,00;0,00;False;False;4;Right;
RZ22;10;Trajectory;4;33,5;0;0,2639547;0;0;404,7857;(-51.95, -0.44, 166.20);0;True;False;1;0,04789755;0,00;0,00;0,00;0;0;0;0;0;33,5;18,9;0,0;0,0;4868,6;20;0,00;0,00;False;False;4;Right;
RZ22;10;Trajectory;4;33,6;0;0,2639547;0;0;404,7857;(-51.95, -0.44, 166.20);0;True;False;1;0,04789755;0,00;0,00;0,00;0;0;0;0;0;33,6;19,0;0,0;0,0;4868,6;20;0,00;0,00;False;False;4;Right;
RZ22;10;Trajectory;4;33,7;0;0,2639547;0;0;404,7857;(-51.95, -0.44, 166.20);0;True;False;1;0,04789755;0,00;0,00;0,00;0;0;0;0;0;33,7;19,1;0,0;0,0;4868,6;20;0,00;0,00;False;False;4;Right;
RZ22;10;Trajectory;4;33,8;0;0,2639547;0;0;404,7857;(-51.95, -0.44, 166.20);0;True;False;1;0,04789755;0,00;0,00;0,00;0;0;0;0;0;33,8;19,2;0,0;0,0;4868,6;20;0,00;0,00;False;False;4;Right;
RZ22;10;Trajectory;4;33,9;0;0,2639547;0;0;404,7857;(-51.95, -0.44, 166.20);0;True;False;1;0,04789755;0,00;0,00;0,00;0;0;0;0;0;33,9;19,3;0,0;0,0;4868,6;20;0,00;0,00;False;False;4;Right;
RZ22;10;Trajectory;4;34,0;0;0,2639547;0;0;404,7857;(-51.95, -0.44, 166.20);0;True;False;1;0,04789755;0,00;0,00;0,00;0;0;0;0;0;34,0;19,4;0,0;0,0;4868,6;20;0,00;0,00;False;False;4;Right;
RZ22;10;Trajectory;4;34,1;0;0,2639547;0;0;404,7857;(-51.95, -0.44, 166.20);0;True;False;1;0,04789755;0,00;0,00;0,00;0;0;0;0;0;34,1;19,5;0,0;0,0;4868,6;20;0,00;0,00;False;False;4;Right;
RZ22;10;Trajectory;4;34,2;0;0,2639547;0;0;404,7857;(-51.95, -0.44, 166.20);0;True;False;1;0,04789755;0,00;0,00;0,00;0;0;0;0;0;34,2;19,6;0,0;0,0;4868,6;20;0,00;0,00;False;False;4;Right;
RZ22;10;Trajectory;4;34,3;0;0,2639547;0;0;404,7857;(-51.95, -0.44, 166.20);0;True;False;1;0,04789755;0,00;0,00;0,00;0;0;0;0;0;34,3;19,7;0,0;0,0;4868,6;20;0,00;0,00;False;False;4;Right;
RZ22;10;Trajectory;4;34,4;0;0,2639547;0;0;404,7857;(-51.95, -0.44, 166.20);0;True;False;1;0,04789755;0,00;0,00;0,00;0;0;0;0;0;34,4;19,8;0,0;0,0;4868,6;20;0,00;0,00;False;False;4;Right;
RZ22;10;Trajectory;4;34,5;6,975447E-05;0,2639605;0;0;404,7857;(-51.95, -0.44, 166.20);0;True;False;1;0,04785888;0,00;0,00;0,00;0;0;0;0;0;34,5;19,9;0,0;0,0;4868,6;20;0,00;0,00;False;False;4;Right;
RZ22;10;Trajectory;4;34,6;6,975447E-05;0,2639547;0;0;404,7857;(-51.95, -0.44, 166.20);0;True;False;1;0,04789755;0,00;0,00;0,00;0;0;0;0;0;34,6;20,0;0,0;0,0;4868,6;20;0,00;0,00;False;False;4;Right;
RZ22;10;Trajectory;4;34,7;0;0,2639547;0;0;404,7857;(-51.95, -0.44, 166.20);0;True;False;1;0,04789755;0,00;0,00;0,00;0;0;0;0;0;34,7;20,1;0,0;0,0;4868,6;20;0,00;0,00;False;False;4;Right;
RZ22;10;Trajectory;4;34,8;0;0,2639547;0;0;404,7857;(-51.95, -0.44, 166.20);0;True;False;1;0,04789755;0,00;0,00;0,00;0;0;0;0;0;34,8;20,2;0,0;0,0;4868,6;20;0,00;0,00;False;False;4;Right;
RZ22;10;Trajectory;4;34,9;0;0,2639547;0;0;404,7857;(-51.95, -0.44, 166.20);0;True;False;1;0,04789755;0,00;0,00;0,00;0;0;0;0;0;34,9;20,3;0,0;0,0;4868,6;20;0,00;0,00;False;False;4;Right;
RZ22;10;Trajectory;4;35,0;0;0,2639547;0;0;404,7857;(-51.95, -0.44, 166.20);0;True;False;1;0,04789755;0,00;0,00;0,00;0;0;0;0;0;35,0;20,4;0,0;0,0;4868,6;20;0,00;0,00;False;False;4;Right;
RZ22;10;Trajectory;4;35,1;0;0,2639547;0;0;404,7857;(-51.95, -0.44, 166.20);0;True;False;1;0,04789755;0,00;0,00;0,00;0;0;0;0;0;35,1;20,5;0,0;0,0;4868,6;20;0,00;0,00;False;False;4;Right;
RZ22;10;Trajectory;4;35,2;0;0,2639547;0;0;404,7857;(-51.95, -0.44, 166.20);0;True;False;1;0,04789755;0,00;0,00;0,00;0;0;0;0;0;35,2;20,6;0,0;0,0;4868,6;20;0,00;0,00;False;False;4;Right;
RZ22;10;Trajectory;4;35,3;0;0,2639547;0;0;404,7857;(-51.95, -0.44, 166.20);0;True;False;1;0,04789755;0,00;0,00;0,00;0;0;0;0;0;35,3;20,7;0,0;0,0;4868,6;20;0,00;0,00;False;False;4;Right;
RZ22;10;Trajectory;4;35,4;0;0,2639547;0;0;404,7857;(-51.95, -0.44, 166.20);0;True;False;1;0,04789755;0,00;0,00;0,00;0;0;0;0;0;35,4;20,8;0,0;0,0;4868,6;20;0,00;0,00;False;False;4;Right;
RZ22;10;Trajectory;4;35,5;0;0,2639547;0;0;404,7857;(-51.95, -0.44, 166.20);0;True;False;1;0,04789755;0,00;0,00;0,00;0;0;0;0;0;35,5;20,9;0,0;0,0;4868,6;20;0,00;0,00;False;False;4;Right;
RZ22;10;Trajectory;4;35,6;0;0,2639547;0;0;404,7857;(-51.95, -0.44, 166.20);0;True;False;1;0,04789755;0,00;0,00;0,00;0;0;0;0;0;35,6;21,0;0,0;0,0;4868,6;20;0,00;0,00;False;False;4;Right;
RZ22;10;Trajectory;4;35,7;0;0,2639547;0;0;404,7857;(-51.95, -0.44, 166.20);0;True;False;1;0,04789755;0,00;0,00;0,00;0;0;0;0;0;35,7;21,1;0,0;0,0;4868,6;20;0,00;0,00;False;False;4;Right;
RZ22;10;Trajectory;4;35,8;0;0,2639547;0;0;404,7857;(-51.95, -0.44, 166.20);0;True;False;1;0,04789755;0,00;0,00;0,00;0;0;0;0;0;35,8;21,2;0,0;0,0;4868,6;20;0,00;0,00;False;False;4;Right;
RZ22;10;Trajectory;4;35,9;0;0,2639547;0;0;404,7857;(-51.95, -0.44, 166.20);0;True;False;1;0,04789755;0,00;0,00;0,00;0;0;0;0;0;35,9;21,3;0,0;0,0;4868,6;20;0,00;0,00;False;False;4;Right;
RZ22;10;Trajectory;4;36,0;0;0,2639547;0;0;404,7857;(-51.95, -0.44, 166.20);0;True;False;1;0,04789755;0,00;0,00;0,00;0;0;0;0;0;36,0;21,4;0,0;0,0;4868,6;20;0,00;0,00;False;False;4;Right;
RZ22;10;Trajectory;4;36,1;6,975447E-05;0,2639489;0;0;404,7857;(-51.95, -0.44, 166.20);0;True;False;1;0,04793629;0,00;0,00;0,00;0;0;0;0;0;36,1;21,5;0,0;0,0;4868,6;20;0,00;0,00;False;False;4;Right;
RZ22;10;Trajectory;4;36,2;6,975447E-05;0,2639547;0;0;404,7857;(-51.95, -0.44, 166.20);0;True;False;1;0,04789755;0,00;0,00;0,00;0;0;0;0;0;36,2;21,6;0,0;0,0;4868,6;20;0,00;0,00;False;False;4;Right;
RZ22;10;Trajectory;4;36,3;0;0,2639547;0;0;404,7857;(-51.95, -0.44, 166.20);0;True;False;1;0,04789755;0,00;0,00;0,00;0;0;0;0;0;36,3;21,7;0,0;0,0;4868,6;20;0,00;0,00;False;False;4;Right;
RZ22;10;Trajectory;4;36,4;0;0,2639547;0;0;404,7857;(-51.95, -0.44, 166.20);0;True;False;1;0,04789755;0,00;0,00;0,00;0;0;0;0;0;36,4;21,8;0,0;0,0;4868,6;20;0,00;0,00;False;False;4;Right;
RZ22;10;Trajectory;4;36,5;0;0,2639547;0;0;404,7857;(-51.95, -0.44, 166.20);0;True;False;1;0,04789755;0,00;0,00;0,00;0;0;0;0;0;36,5;21,9;0,0;0,0;4868,6;20;0,00;0,00;False;False;4;Right;
RZ22;10;Trajectory;4;36,6;0;0,2639547;0;0;404,7857;(-51.95, -0.44, 166.20);0;True;False;1;0,04789755;0,00;0,00;0,00;0;0;0;0;0;36,6;22,0;0,0;0,0;4868,6;20;0,00;0,00;False;False;4;Right;
RZ22;10;Trajectory;4;36,7;6,975447E-05;0,2639605;0;0;404,7857;(-51.95, -0.44, 166.20);0;True;False;1;0,04785888;0,00;0,00;0,00;0;0;0;0;0;36,7;22,1;0,0;0,0;4868,6;20;0,00;0,00;False;False;4;Right;
RZ22;10;Trajectory;4;36,8;6,975447E-05;0,2639547;0;0;404,7857;(-51.95, -0.44, 166.20);0;True;False;1;0,04789755;0,00;0,00;0,00;0;0;0;0;0;36,8;22,2;0,0;0,0;4868,6;20;0,00;0,00;False;False;4;Right;
RZ22;10;Trajectory;4;36,9;0;0,2639547;0;0;404,7857;(-51.95, -0.44, 166.20);0;True;False;1;0,04789755;0,00;0,00;0,00;0;0;0;0;0;36,9;22,3;0,0;0,0;4868,6;20;0,00;0,00;False;False;4;Right;
RZ22;10;Trajectory;4;37,0;0;0,2639547;0;0;404,7857;(-51.95, -0.44, 166.20);0;True;False;1;0,04789755;0,00;0,00;0,00;0;0;0;0;0;37,0;22,4;0,0;0,0;4868,6;20;0,00;0,00;False;False;4;Right;
RZ22;10;Trajectory;4;37,1;0;0,2639547;0;0;404,7857;(-51.95, -0.44, 166.20);0;True;False;1;0,04789755;0,00;0,00;0,00;0;0;0;0;0;37,1;22,5;0,0;0,0;4868,6;20;0,00;0,00;False;False;4;Right;
RZ22;10;Trajectory;4;37,2;0;0,2639547;0;0;404,7857;(-51.95, -0.44, 166.20);0;True;False;1;0,04789755;0,00;0,00;0,00;0;0;0;0;0;37,2;22,6;0,0;0,0;4868,6;20;0,00;0,00;False;False;4;Right;
RZ22;10;Trajectory;4;37,3;0;0,2639547;0;0;404,7857;(-51.95, -0.44, 166.20);0;True;False;1;0,04789755;0,00;0,00;0,00;0;0;0;0;0;37,3;22,7;0,0;0,0;4868,6;20;0,00;0,00;False;False;4;Right;
RZ22;10;Trajectory;4;37,4;0;0,2639547;0;0;404,7857;(-51.95, -0.44, 166.20);0;True;False;1;0,04789755;0,00;0,00;0,00;0;0;0;0;0;37,4;22,8;0,0;0,0;4868,6;20;0,00;0,00;False;False;4;Right;
RZ22;10;Trajectory;4;37,5;0;0,2639547;0;0;404,7857;(-51.95, -0.44, 166.20);0;True;False;1;0,04789755;0,00;0,00;0,00;0;0;0;0;0;37,5;22,9;0,0;0,0;4868,6;20;0,00;0,00;False;False;4;Right;
RZ22;10;Trajectory;4;37,6;0;0,2639547;0;0;404,7857;(-51.95, -0.44, 166.20);0;True;False;1;0,04789755;0,00;0,00;0,00;0;0;0;0;0;37,6;23,0;0,0;0,0;4868,6;20;0,00;0,00;False;False;4;Right;
RZ22;10;Trajectory;4;37,7;0;0,2639547;0;0;404,7857;(-51.95, -0.44, 166.20);0;True;False;1;0,04789755;0,00;0,00;0,00;0;0;0;0;0;37,7;23,1;0,0;0,0;4868,6;20;0,00;0,00;False;False;4;Right;
RZ22;10;Trajectory;4;37,8;0;0,2639547;0;0;404,7857;(-51.95, -0.44, 166.20);0;True;False;1;0,04789755;0,00;0,00;0,00;0;0;0;0;0;37,8;23,2;0,0;0,0;4868,6;20;0,00;0,00;False;False;4;Right;
RZ22;10;Trajectory;4;37,9;0;0,2639547;0;0;404,7857;(-51.95, -0.44, 166.20);0;True;False;1;0,04789755;0,00;0,00;0,00;0;0;0;0;0;37,9;23,3;0,0;0,0;4868,6;20;0,00;0,00;False;False;4;Right;
RZ22;10;Trajectory;4;38,0;0;0,2639547;0;0;404,7857;(-51.95, -0.44, 166.20);0;True;False;1;0,04789755;0,00;0,00;0,00;0;0;0;0;0;38,0;23,4;0,0;0,0;4868,6;20;0,00;0,00;False;False;4;Right;
RZ22;10;Trajectory;4;38,1;0;0,2639547;0;0;404,7857;(-51.95, -0.44, 166.20);0;True;False;1;0,04789755;0,00;0,00;0,00;0;0;0;0;0;38,1;23,5;0,0;0,0;4868,6;20;0,00;0,00;False;False;4;Right;
RZ22;10;Trajectory;4;38,2;0;0,2639547;0;0;404,7857;(-51.95, -0.44, 166.20);0;True;False;1;0,04789755;0,00;0,00;0,00;0;0;0;0;0;38,2;23,6;0,0;0,0;4868,6;20;0,00;0,00;False;False;4;Right;
RZ22;10;Trajectory;4;38,3;0;0,2639547;0;0;404,7857;(-51.95, -0.44, 166.20);0;True;False;1;0,04789755;0,00;0,00;0,00;0;0;0;0;0;38,3;23,7;0,0;0,0;4868,6;20;0,00;0,00;False;False;4;Right;
RZ22;10;Trajectory;4;38,4;0;0,2639547;0;0;404,7857;(-51.95, -0.44, 166.20);0;True;False;1;0,04789755;0,00;0,00;0,00;0;0;0;0;0;38,4;23,8;0,0;0,0;4868,6;20;0,00;0,00;False;False;4;Right;
RZ22;10;Trajectory;4;38,5;0;0,2639547;0;0;404,7857;(-51.95, -0.44, 166.20);0;True;False;1;0,04789755;0,00;0,00;0,00;0;0;0;0;0;38,5;23,9;0,0;0,0;4868,6;20;0,00;0,00;False;False;4;Right;
RZ22;10;Trajectory;4;38,6;0;0,2639547;0;0;404,7857;(-51.95, -0.44, 166.20);0;True;False;1;0,04789755;0,00;0,00;0,00;0;0;0;0;0;38,6;24,0;0,0;0,0;4868,6;20;0,00;0,00;False;False;4;Right;
RZ22;10;Trajectory;4;38,7;0;0,2639547;0;0;404,7857;(-51.95, -0.44, 166.20);0;True;False;1;0,04789755;0,00;0,00;0,00;0;0;0;0;0;38,7;24,1;0,0;0,0;4868,6;20;0,00;0,00;False;False;4;Right;
RZ22;10;Trajectory;4;38,8;0;0,2639547;0;0;404,7857;(-51.95, -0.44, 166.20);0;True;False;1;0,04789755;0,00;0,00;0,00;0;0;0;0;0;38,8;24,2;0,0;0,0;4868,6;20;0,00;0,00;False;False;4;Right;
RZ22;10;Trajectory;4;38,9;0;0,2639547;0;0;404,7857;(-51.95, -0.44, 166.20);0;True;False;1;0,04789755;0,00;0,00;0,00;0;0;0;0;0;38,9;24,3;0,0;0,0;4868,6;20;0,00;0,00;False;False;4;Right;
RZ22;10;Trajectory;4;39,0;0;0,2639547;0;0;404,7857;(-51.95, -0.44, 166.20);0;True;False;1;0,04789755;0,00;0,00;0,00;0;0;0;0;0;39,0;24,4;0,0;0,0;4868,6;20;0,00;0,00;False;False;4;Right;
RZ22;10;Trajectory;4;39,1;0;0,2639547;0;0;404,7857;(-51.95, -0.44, 166.20);0;True;False;1;0,04789755;0,00;0,00;0,00;0;0;0;0;0;39,1;24,5;0,0;0,0;4868,6;20;0,00;0,00;False;False;4;Right;
RZ22;10;Trajectory;4;39,2;0;0,2639547;0;0;404,7857;(-51.95, -0.44, 166.20);0;True;False;1;0,04789755;0,00;0,00;0,00;0;0;0;0;0;39,2;24,6;0,0;0,0;4868,6;20;0,00;0,00;False;False;4;Right;
RZ22;10;Trajectory;4;39,3;0;0,2639547;0;0;404,7857;(-51.95, -0.44, 166.20);0;True;False;1;0,04789755;0,00;0,00;0,00;0;0;0;0;0;39,3;24,7;0,0;0,0;4868,6;20;0,00;0,00;False;False;4;Right;
RZ22;10;Trajectory;4;39,4;0;0,2639547;0;0;404,7857;(-51.95, -0.44, 166.20);0;True;False;1;0,04789755;0,00;0,00;0,00;0;0;0;0;0;39,4;24,8;0,0;0,0;4868,6;20;0,00;0,00;False;False;4;Right;
RZ22;10;Trajectory;4;39,5;0;0,2639547;0;0;404,7857;(-51.95, -0.44, 166.20);0;True;False;1;0,04789755;0,00;0,00;0,00;0;0;0;0;0;39,5;24,9;0,0;0,0;4868,6;20;0,00;0,00;False;False;4;Right;
RZ22;10;Trajectory;4;39,6;0;0,2639547;0;0;404,7857;(-51.95, -0.44, 166.20);0;True;False;1;0,04789755;0,00;0,00;0,00;0;0;0;0;0;39,6;25,0;0,0;0,0;4868,6;20;0,00;0,00;False;False;4;Right;
RZ22;10;Trajectory;4;39,7;0;0,2639547;0;0;404,7857;(-51.95, -0.44, 166.20);0;True;False;1;0,04789755;0,00;0,00;0,00;0;0;0;0;0;39,7;25,1;0,0;0,0;4868,6;20;0,00;0,00;False;False;4;Right;
RZ22;10;Trajectory;4;39,8;0;0,2639547;0;0;404,7857;(-51.95, -0.44, 166.20);0;True;False;1;0,04789755;0,00;0,00;0,00;0;0;0;0;0;39,8;25,2;0,0;0,0;4868,6;20;0,00;0,00;False;False;4;Right;
RZ22;10;Trajectory;4;39,9;0;0,2639547;0;0;404,7857;(-51.95, -0.44, 166.20);0;True;False;1;0,04789755;0,00;0,00;0,00;0;0;0;0;0;39,9;25,3;0,0;0,0;4868,6;20;0,00;0,00;False;False;4;Right;
RZ22;10;Trajectory;4;40,0;0;0,2639547;0;0;404,7857;(-51.95, -0.44, 166.20);0;True;False;1;0,04789755;0,00;0,00;0,00;0;0;0;0;0;40,0;25,4;0,0;0,0;4868,6;20;0,00;0,00;False;False;4;Right;
RZ22;10;Trajectory;4;40,1;0;0,2639547;0;0;404,7857;(-51.95, -0.44, 166.20);0;True;False;1;0,04789755;0,00;0,00;0,00;0;0;0;0;0;40,1;25,5;0,0;0,0;4868,6;20;0,00;0,00;False;False;4;Right;
RZ22;10;Trajectory;4;40,2;0;0,2639547;0;0;404,7857;(-51.95, -0.44, 166.20);0;True;False;1;0,04789755;0,00;0,00;0,00;0;0;0;0;0;40,2;25,6;0,0;0,0;4868,6;20;0,00;0,00;False;False;4;Right;
RZ22;10;Trajectory;4;40,3;0;0,2639547;0;0;404,7857;(-51.95, -0.44, 166.20);0;True;False;1;0,04789755;0,00;0,00;0,00;0;0;0;0;0;40,3;25,7;0,0;0,0;4868,6;20;0,00;0,00;False;False;4;Right;
RZ22;10;Trajectory;4;40,4;0;0,2639547;0;0;404,7857;(-51.95, -0.44, 166.20);0;True;False;1;0,04789755;0,00;0,00;0,00;0;0;0;0;0;40,4;25,8;0,0;0,0;4868,6;20;0,00;0,00;False;False;4;Right;
RZ22;10;Trajectory;4;40,5;6,975447E-05;0,2639489;0;0;404,7857;(-51.95, -0.44, 166.20);0;True;False;1;0,04793629;0,00;0,00;0,00;0;0;0;0;0;40,5;25,9;0,0;0,0;4868,6;20;0,00;0,00;False;False;4;Right;
RZ22;10;Trajectory;4;40,6;6,975447E-05;0,2639547;0;0;404,7857;(-51.95, -0.44, 166.20);0;True;False;1;0,04789755;0,00;0,00;0,00;0;0;0;0;0;40,6;26,0;0,0;0,0;4868,6;20;0,00;0,00;False;False;4;Right;
RZ22;10;Trajectory;4;40,7;0;0,2639547;0;0;404,7857;(-51.95, -0.44, 166.20);0;True;False;1;0,04789755;0,00;0,00;0,00;0;0;0;0;0;40,7;26,1;0,0;0,0;4868,6;20;0,00;0,00;False;False;4;Right;
RZ22;10;Trajectory;4;40,8;6,975447E-05;0,2639489;0;0;404,7857;(-51.95, -0.44, 166.20);0;True;False;1;0,04793629;0,00;0,00;0,00;0;0;0;0;0;40,8;26,2;0,0;0,0;4868,6;20;0,00;0,00;False;False;4;Right;
RZ22;10;Trajectory;4;40,9;6,975447E-05;0,2639547;0;0;404,7857;(-51.95, -0.44, 166.20);0;True;False;1;0,04789755;0,00;0,00;0,00;0;0;0;0;0;40,9;26,3;0,0;0,0;4868,6;20;0,00;0,00;False;False;4;Right;
RZ22;10;Trajectory;4;41,0;0;0,2639547;0;0;404,7857;(-51.95, -0.44, 166.20);0;True;False;1;0,04789755;0,00;0,00;0,00;0;0;0;0;0;41,0;26,4;0,0;0,0;4868,6;20;0,00;0,00;False;False;4;Right;
RZ22;10;Trajectory;4;41,1;0;0,2639547;0;0;404,7857;(-51.95, -0.44, 166.20);0;True;False;1;0,04789755;0,00;0,00;0,00;0;0;0;0;0;41,1;26,5;0,0;0,0;4868,6;20;0,00;0,00;False;False;4;Right;
RZ22;10;Trajectory;4;41,2;0;0,2639547;0;0;404,7857;(-51.95, -0.44, 166.20);0;True;False;1;0,04789755;0,00;0,00;0,00;0;0;0;0;0;41,2;26,6;0,0;0,0;4868,6;20;0,00;0,00;False;False;4;Right;
RZ22;10;Trajectory;4;41,3;0;0,2639547;0;0;404,7857;(-51.95, -0.44, 166.20);0;True;False;1;0,04789755;0,00;0,00;0,00;0;0;0;0;0;41,3;26,7;0,0;0,0;4868,6;20;0,00;0,00;False;False;4;Right;
RZ22;10;Trajectory;4;41,4;0;0,2639547;0;0;404,7857;(-51.95, -0.44, 166.20);0;True;False;1;0,04789755;0,00;0,00;0,00;0;0;0;0;0;41,4;26,8;0,0;0,0;4868,6;20;0,00;0,00;False;False;4;Right;
RZ22;10;Trajectory;4;41,5;0;0,2639547;0;0;404,7857;(-51.95, -0.44, 166.20);0;True;False;1;0,04789755;0,00;0,00;0,00;0;0;0;0;0;41,5;26,9;0,0;0,0;4868,6;20;0,00;0,00;False;False;4;Right;
RZ22;10;Trajectory;4;41,6;0;0,2639547;0;0;404,7857;(-51.95, -0.44, 166.20);0;True;False;1;0,04789755;0,00;0,00;0,00;0;0;0;0;0;41,6;27,0;0,0;0,0;4868,6;20;0,00;0,00;False;False;4;Right;
RZ22;10;Trajectory;4;41,7;0;0,2639547;0;0;404,7857;(-51.95, -0.44, 166.20);0;True;False;1;0,04789755;0,00;0,00;0,00;0;0;0;0;0;41,7;27,1;0,0;0,0;4868,6;20;0,00;0,00;False;False;4;Right;
RZ22;10;Trajectory;4;41,8;0;0,2639547;0;0;404,7857;(-51.95, -0.44, 166.20);0;True;False;1;0,04789755;0,00;0,00;0,00;0;0;0;0;0;41,8;27,2;0,0;0,0;4868,6;20;0,00;0,00;False;False;4;Right;
RZ22;10;Trajectory;4;41,9;0;0,2639547;0;0;404,7857;(-51.95, -0.44, 166.20);0;True;False;1;0,04789755;0,00;0,00;0,00;0;0;0;0;0;41,9;27,3;0,0;0,0;4868,6;20;0,00;0,00;False;False;4;Right;
RZ22;10;Trajectory;4;42,0;0;0,2639547;0;0;404,7857;(-51.95, -0.44, 166.20);0;True;False;1;0,04789755;0,00;0,00;0,00;0;0;0;0;0;42,0;27,4;0,0;0,0;4868,6;20;0,00;0,00;False;False;4;Right;
RZ22;10;Trajectory;4;42,1;0;0,2639547;0;0;404,7857;(-51.95, -0.44, 166.20);0;True;False;1;0,04789755;0,00;0,00;0,00;0;0;0;0;0;42,1;27,5;0,0;0,0;4868,6;20;0,00;0,00;False;False;4;Right;
RZ22;10;Trajectory;4;42,2;0;0,2639547;0;0;404,7857;(-51.95, -0.44, 166.20);0;True;False;1;0,04789755;0,00;0,00;0,00;0;0;0;0;0;42,2;27,6;0,0;0,0;4868,6;20;0,00;0,00;False;False;4;Right;
RZ22;10;Trajectory;4;42,3;0;0,2639547;0;0;404,7857;(-51.95, -0.44, 166.20);0;True;False;1;0,04789755;0,00;0,00;0,00;0;0;0;0;0;42,3;27,7;0,0;0,0;4868,6;20;0,00;0,00;False;False;4;Right;
RZ22;10;Trajectory;4;42,4;0;0,2639547;0;0;404,7857;(-51.95, -0.44, 166.20);0;True;False;1;0,04789755;0,00;0,00;0,00;0;0;0;0;0;42,4;27,8;0,0;0,0;4868,6;20;0,00;0,00;False;False;4;Right;
RZ22;10;Trajectory;4;42,5;0;0,2639547;0;0;404,7857;(-51.95, -0.44, 166.20);0;True;False;1;0,04789755;0,00;0,00;0,00;0;0;0;0;0;42,5;27,9;0,0;0,0;4868,6;20;0,00;0,00;False;False;4;Right;
RZ22;10;Trajectory;4;42,6;0;0,2639547;0;0;404,7857;(-51.95, -0.44, 166.20);0;True;False;1;0,04789755;0,00;0,00;0,00;0;0;0;0;0;42,6;28,0;0,0;0,0;4868,6;20;0,00;0,00;False;False;4;Right;
RZ22;10;Trajectory;4;42,7;0;0,2639547;0;0;404,7857;(-51.95, -0.44, 166.20);0;True;False;1;0,04789755;0,00;0,00;0,00;0;0;0;0;0;42,7;28,1;0,0;0,0;4868,6;20;0,00;0,00;False;False;4;Right;
RZ22;10;Trajectory;4;42,8;0;0,2639547;0;0;404,7857;(-51.95, -0.44, 166.20);0;True;False;1;0,04789755;0,00;0,00;0,00;0;0;0;0;0;42,8;28,2;0,0;0,0;4868,6;20;0,00;0,00;False;False;4;Right;
RZ22;10;Trajectory;4;42,9;0;0,2639547;0;0;404,7857;(-51.95, -0.44, 166.20);0;True;False;1;0,04789755;0,00;0,00;0,00;0;0;0;0;0;42,9;28,3;0,0;0,0;4868,6;20;0,00;0,00;False;False;4;Right;
RZ22;10;Trajectory;4;43,0;0;0,2639547;0;0;404,7857;(-51.95, -0.44, 166.20);0;True;False;1;0,04789755;0,00;0,00;0,00;0;0;0;0;0;43,0;28,4;0,0;0,0;4868,6;20;0,00;0,00;False;False;4;Right;
RZ22;10;Trajectory;4;43,1;0;0,2639547;0;0;404,7857;(-51.95, -0.44, 166.20);0;True;False;1;0,04789755;0,00;0,00;0,00;0;0;0;0;0;43,1;28,5;0,0;0,0;4868,6;20;0,00;0,00;False;False;4;Right;
RZ22;10;Trajectory;4;43,2;0;0,2639547;0;0;404,7857;(-51.95, -0.44, 166.20);0;True;False;1;0,04789755;0,00;0,00;0,00;0;0;0;0;0;43,2;28,6;0,0;0,0;4868,6;20;0,00;0,00;False;False;4;Right;
RZ22;10;Trajectory;4;43,3;0;0,2639547;0;0;404,7857;(-51.95, -0.44, 166.20);0;True;False;1;0,04789755;0,00;0,00;0,00;0;0;0;0;0;43,3;28,7;0,0;0,0;4868,6;20;0,00;0,00;False;False;4;Right;
RZ22;10;Trajectory;4;43,4;0;0,2639547;0;0;404,7857;(-51.95, -0.44, 166.20);0;True;False;1;0,04789755;0,00;0,00;0,00;0;0;0;0;0;43,4;28,8;0,0;0,0;4868,6;20;0,00;0,00;False;False;4;Right;
RZ22;10;Trajectory;4;43,5;0;0,2639547;0;0;404,7857;(-51.95, -0.44, 166.20);0;True;False;1;0,04789755;0,00;0,00;0,00;0;0;0;0;0;43,5;28,9;0,0;0,0;4868,6;20;0,00;0,00;False;False;4;Right;
RZ22;10;Trajectory;4;43,6;0;0,2639547;0;0;404,7857;(-51.95, -0.44, 166.20);0;True;False;1;0,04789755;0,00;0,00;0,00;0;0;0;0;0;43,6;29,0;0,0;0,0;4868,6;20;0,00;0,00;False;False;4;Right;
RZ22;10;Trajectory;4;43,7;0;0,2639547;0;0;404,7857;(-51.95, -0.44, 166.20);0;True;False;1;0,04789755;0,00;0,00;0,00;0;0;0;0;0;43,7;29,1;0,0;0,0;4868,6;20;0,00;0,00;False;False;4;Right;
RZ22;10;Trajectory;4;43,8;0;0,2639547;0;0;404,7857;(-51.95, -0.44, 166.20);0;True;False;1;0,04789755;0,00;0,00;0,00;0;0;0;0;0;43,8;29,2;0,0;0,0;4868,6;20;0,00;0,00;False;False;4;Right;
RZ22;10;Trajectory;4;43,9;0;0,2639547;0;0;404,7857;(-51.95, -0.44, 166.20);0;True;False;1;0,04789755;0,00;0,00;0,00;0;0;0;0;0;43,9;29,3;0,0;0,0;4868,6;20;0,00;0,00;False;False;4;Right;
RZ22;10;Trajectory;4;44,0;0;0,2639547;0;0;404,7857;(-51.95, -0.44, 166.20);0;True;False;1;0,04789755;0,00;0,00;0,00;0;0;0;0;0;44,0;29,4;0,0;0,0;4868,6;20;0,00;0,00;False;False;4;Right;
RZ22;10;Trajectory;4;44,1;0;0,2639547;0;0;404,7857;(-51.95, -0.44, 166.20);0;True;False;1;0,04789755;0,00;0,00;0,00;0;0;0;0;0;44,1;29,5;0,0;0,0;4868,6;20;0,00;0,00;False;False;4;Right;
RZ22;10;Trajectory;4;44,2;0;0,2639547;0;0;404,7857;(-51.95, -0.44, 166.20);0;True;False;1;0,04789755;0,00;0,00;0,00;0;0;0;0;0;44,2;29,6;0,0;0,0;4868,6;20;0,00;0,00;False;False;4;Right;
RZ22;10;Trajectory;4;44,3;6,975447E-05;0,2639605;0;0;404,7857;(-51.95, -0.44, 166.20);0;True;False;1;0,04785888;0,00;0,00;0,00;0;0;0;0;0;44,3;29,7;0,0;0,0;4868,6;20;0,00;0,00;False;False;4;Right;
RZ22;10;Trajectory;4;44,4;6,975447E-05;0,2639547;0;0;404,7857;(-51.95, -0.44, 166.20);0;True;False;1;0,04789755;0,00;0,00;0,00;0;0;0;0;0;44,4;29,8;0,0;0,0;4868,6;20;0,00;0,00;False;False;4;Right;
RZ22;10;Trajectory;4;44,5;0;0,2639547;0;0;404,7857;(-51.95, -0.44, 166.20);0;True;False;1;0,04789755;0,00;0,00;0,00;0;0;0;0;0;44,5;29,9;0,0;0,0;4868,6;20;0,00;0,00;False;False;4;Right;
RZ22;10;Trajectory;4;44,6;0;0,2639547;0;0;404,7857;(-51.95, -0.44, 166.20);0;True;False;1;0,04789755;0,00;0,00;0,00;0;0;0;0;0;44,6;30,0;0,0;0,0;4868,6;20;0,00;0,00;False;False;4;Right;
RZ22;10;Trajectory;4;44,7;0;0,2639547;0;0;404,7857;(-51.95, -0.44, 166.20);0;True;False;1;0,04789755;0,00;0,00;0,00;0;0;0;0;0;44,7;30,1;0,0;0,0;4868,6;20;0,00;0,00;False;False;4;Right;
RZ22;10;Trajectory;4;44,8;0;0,2639547;0;0;404,7857;(-51.95, -0.44, 166.20);0;True;False;1;0,04789755;0,00;0,00;0,00;0;0;0;0;0;44,8;30,2;0,0;0,0;4868,6;20;0,00;0,00;False;False;4;Right;
RZ22;10;Trajectory;4;44,9;0;0,2639547;0;0;404,7857;(-51.95, -0.44, 166.20);0;True;False;1;0,04789755;0,00;0,00;0,00;0;0;0;0;0;44,9;30,3;0,0;0,0;4868,6;20;0,00;0,00;False;False;4;Right;
RZ22;10;Trajectory;4;45,0;0;0,2639547;0;0;404,7857;(-51.95, -0.44, 166.20);0;True;False;1;0,04789755;0,00;0,00;0,00;0;0;0;0;0;45,0;30,4;0,0;0,0;4868,6;20;0,00;0,00;False;False;4;Right;
RZ22;10;Trajectory;4;45,1;0;0,2639547;0;0;404,7857;(-51.95, -0.44, 166.20);0;True;False;1;0,04789755;0,00;0,00;0,00;0;0;0;0;0;45,1;30,5;0,0;0,0;4868,6;20;0,00;0,00;False;False;4;Right;
RZ22;10;Trajectory;4;45,2;0;0,2639547;0;0;404,7857;(-51.95, -0.44, 166.20);0;True;False;1;0,04789755;0,00;0,00;0,00;0;0;0;0;0;45,2;30,6;0,0;0,0;4868,6;20;0,00;0,00;False;False;4;Right;
RZ22;10;Trajectory;4;45,3;0;0,2639547;0;0;404,7857;(-51.95, -0.44, 166.20);0;True;False;1;0,04789755;0,00;0,00;0,00;0;0;0;0;0;45,3;30,7;0,0;0,0;4868,6;20;0,00;0,00;False;False;4;Right;
RZ22;10;Trajectory;4;45,4;0;0,2639547;0;0;404,7857;(-51.95, -0.44, 166.20);0;True;False;1;0,04789755;0,00;0,00;0,00;0;0;0;0;0;45,4;30,8;0,0;0,0;4868,6;20;0,00;0,00;False;False;4;Right;
RZ22;10;Trajectory;4;45,5;0;0,2639547;0;0;404,7857;(-51.95, -0.44, 166.20);0;True;False;1;0,04789755;0,00;0,00;0,00;0;0;0;0;0;45,5;30,9;0,0;0,0;4868,6;20;0,00;0,00;False;False;4;Right;
RZ22;10;Trajectory;4;45,6;0;0,2639547;0;0;404,7857;(-51.95, -0.44, 166.20);0;True;False;1;0,04789755;0,00;0,00;0,00;0;0;0;0;0;45,6;31,0;0,0;0,0;4868,6;20;0,00;0,00;False;False;4;Right;
RZ22;10;Trajectory;4;45,7;6,975447E-05;0,2639489;0;0;404,7857;(-51.95, -0.44, 166.20);0;True;False;1;0,04793629;0,00;0,00;0,00;0;0;0;0;0;45,7;31,1;0,0;0,0;4868,6;20;0,00;0,00;False;False;4;Right;
RZ22;10;Trajectory;4;45,8;6,975447E-05;0,2639547;0;0;404,7857;(-51.95, -0.44, 166.20);0;True;False;1;0,04789755;0,00;0,00;0,00;0;0;0;0;0;45,8;31,2;0,0;0,0;4868,6;20;0,00;0,00;False;False;4;Right;
RZ22;10;Trajectory;4;45,9;0;0,2639547;0;0;404,7857;(-51.95, -0.44, 166.20);0;True;False;1;0,04789755;0,00;0,00;0,00;0;0;0;0;0;45,9;31,3;0,0;0,0;4868,6;20;0,00;0,00;False;False;4;Right;
RZ22;10;Trajectory;4;46,0;0;0,2639547;0;0;404,7857;(-51.95, -0.44, 166.20);0;True;False;1;0,04789755;0,00;0,00;0,00;0;0;0;0;0;46,0;31,4;0,0;0,0;4868,6;20;0,00;0,00;False;False;4;Right;
RZ22;10;Trajectory;4;46,1;0;0,2639547;0;0;404,7857;(-51.95, -0.44, 166.20);0;True;False;1;0,04789755;0,00;0,00;0,00;0;0;0;0;0;46,1;31,5;0,0;0,0;4868,6;20;0,00;0,00;False;False;4;Right;
RZ22;10;Trajectory;4;46,2;0;0,2639547;0;0;404,7857;(-51.95, -0.44, 166.20);0;True;False;1;0,04789755;0,00;0,00;0,00;0;0;0;0;0;46,2;31,6;0,0;0,0;4868,6;20;0,00;0,00;False;False;4;Right;
RZ22;10;Trajectory;4;46,3;0;0,2639547;0;0;404,7857;(-51.95, -0.44, 166.20);0;True;False;1;0,04789755;0,00;0,00;0,00;0;0;0;0;0;46,3;31,7;0,0;0,0;4868,6;20;0,00;0,00;False;False;4;Right;
RZ22;10;Trajectory;4;46,4;0;0,2639547;0;0;404,7857;(-51.95, -0.44, 166.20);0;True;False;1;0,04789755;0,00;0,00;0,00;0;0;0;0;0;46,4;31,8;0,0;0,0;4868,6;20;0,00;0,00;False;False;4;Right;
RZ22;10;Trajectory;4;46,5;0;0,2639547;0;0;404,7857;(-51.95, -0.44, 166.20);0;True;False;1;0,04789755;0,00;0,00;0,00;0;0;0;0;0;46,5;31,9;0,0;0,0;4868,6;20;0,00;0,00;False;False;4;Right;
RZ22;10;Trajectory;4;46,6;0;0,2639547;0;0;404,7857;(-51.95, -0.44, 166.20);0;True;False;1;0,04789755;0,00;0,00;0,00;0;0;0;0;0;46,6;32,0;0,0;0,0;4868,6;20;0,00;0,00;False;False;4;Right;
RZ22;10;Trajectory;4;46,7;0;0,2639547;0;0;404,7857;(-51.95, -0.44, 166.20);0;True;False;1;0,04789755;0,00;0,00;0,00;0;0;0;0;0;46,7;32,1;0,0;0,0;4868,6;20;0,00;0,00;False;False;4;Right;
RZ22;10;Trajectory;4;46,8;0;0,2639547;0;0;404,7857;(-51.95, -0.44, 166.20);0;True;False;1;0,04789755;0,00;0,00;0,00;0;0;0;0;0;46,8;32,2;0,0;0,0;4868,6;20;0,00;0,00;False;False;4;Right;
RZ22;10;Trajectory;4;46,9;0;0,2639547;0;0;404,7857;(-51.95, -0.44, 166.20);0;True;False;1;0,04789755;0,00;0,00;0,00;0;0;0;0;0;46,9;32,3;0,0;0,0;4868,6;20;0,00;0,00;False;False;4;Right;
RZ22;10;Trajectory;4;47,0;0;0,2639547;0;0;404,7857;(-51.95, -0.44, 166.20);0;True;False;1;0,04789755;0,00;0,00;0,00;0;0;0;0;0;47,0;32,4;0,0;0,0;4868,6;20;0,00;0,00;False;False;4;Right;
RZ22;10;Trajectory;4;47,1;0;0,2639547;0;0;404,7857;(-51.95, -0.44, 166.20);0;True;False;1;0,04789755;0,00;0,00;0,00;0;0;0;0;0;47,1;32,5;0,0;0,0;4868,6;20;0,00;0,00;False;False;4;Right;
RZ22;10;Trajectory;4;47,2;0;0,2639547;0;0;404,7857;(-51.95, -0.44, 166.20);0;True;False;1;0,04789755;0,00;0,00;0,00;0;0;0;0;0;47,2;32,6;0,0;0,0;4868,6;20;0,00;0,00;False;False;4;Right;
RZ22;10;Trajectory;4;47,3;0;0,2639547;0;0;404,7857;(-51.95, -0.44, 166.20);0;True;False;1;0,04789755;0,00;0,00;0,00;0;0;0;0;0;47,3;32,7;0,0;0,0;4868,6;20;0,00;0,00;False;False;4;Right;
RZ22;10;Trajectory;4;47,4;0;0,2639547;0;0;404,7857;(-51.95, -0.44, 166.20);0;True;False;1;0,04789755;0,00;0,00;0,00;0;0;0;0;0;47,4;32,8;0,0;0,0;4868,6;20;0,00;0,00;False;False;4;Right;
RZ22;10;Trajectory;4;47,5;0;0,2639547;0;0;404,7857;(-51.95, -0.44, 166.20);0;True;False;1;0,04789755;0,00;0,00;0,00;0;0;0;0;0;47,5;32,9;0,0;0,0;4868,6;20;0,00;0,00;False;False;4;Right;
RZ22;10;Trajectory;4;47,6;0;0,2639547;0;0;404,7857;(-51.95, -0.44, 166.20);0;True;False;1;0,04789755;0,00;0,00;0,00;0;0;0;0;0;47,6;33,0;0,0;0,0;4868,6;20;0,00;0,00;False;False;4;Right;
RZ22;10;Trajectory;4;47,7;0;0,2639547;0;0;404,7857;(-51.95, -0.44, 166.20);0;True;False;1;0,04789755;0,00;0,00;0,00;0;0;0;0;0;47,7;33,1;0,0;0,0;4868,6;20;0,00;0,00;False;False;4;Right;
RZ22;10;Trajectory;4;47,8;0;0,2639547;0;0;404,7857;(-51.95, -0.44, 166.20);0;True;False;1;0,04789755;0,00;0,00;0,00;0;0;0;0;0;47,8;33,2;0,0;0,0;4868,6;20;0,00;0,00;False;False;4;Right;
RZ22;10;Trajectory;4;47,9;0;0,2639547;0;0;404,7857;(-51.95, -0.44, 166.20);0;True;False;1;0,04789755;0,00;0,00;0,00;0;0;0;0;0;47,9;33,3;0,0;0,0;4868,6;20;0,00;0,00;False;False;4;Right;
RZ22;10;Trajectory;4;48,0;0;0,2639547;0;0;404,7857;(-51.95, -0.44, 166.20);0;True;False;1;0,04789755;0,00;0,00;0,00;0;0;0;0;0;48,0;33,4;0,0;0,0;4868,6;20;0,00;0,00;False;False;4;Right;
RZ22;10;Trajectory;4;48,1;0;0,2639547;0;0;404,7857;(-51.95, -0.44, 166.20);0;True;False;1;0,04789755;0,00;0,00;0,00;0;0;0;0;0;48,1;33,5;0,0;0,0;4868,6;20;0,00;0,00;False;False;4;Right;
RZ22;10;Trajectory;4;48,2;0;0,2639547;0;0;404,7857;(-51.95, -0.44, 166.20);0;True;False;1;0,04789755;0,00;0,00;0,00;0;0;0;0;0;48,2;33,6;0,0;0,0;4868,6;20;0,00;0,00;False;False;4;Right;
RZ22;10;Trajectory;4;48,3;0;0,2639547;0;0;404,7857;(-51.95, -0.44, 166.20);0;True;False;1;0,04789755;0,00;0,00;0,00;0;0;0;0;0;48,3;33,7;0,0;0,0;4868,6;20;0,00;0,00;False;False;4;Right;
RZ22;10;Trajectory;4;48,4;0;0,2639547;0;0;404,7857;(-51.95, -0.44, 166.20);0;True;False;1;0,04789755;0,00;0,00;0,00;0;0;0;0;0;48,4;33,8;0,0;0,0;4868,6;20;0,00;0,00;False;False;4;Right;
RZ22;10;Trajectory;4;48,5;0;0,2639547;0;0;404,7857;(-51.95, -0.44, 166.20);0;True;False;1;0,04789755;0,00;0,00;0,00;0;0;0;0;0;48,5;33,9;0,0;0,0;4868,6;20;0,00;0,00;False;False;4;Right;
RZ22;10;Trajectory;4;48,6;0;0,2639547;0;0;404,7857;(-51.95, -0.44, 166.20);0;True;False;1;0,04789755;0,00;0,00;0,00;0;0;0;0;0;48,6;34,0;0,0;0,0;4868,6;20;0,00;0,00;False;False;4;Right;
RZ22;10;Trajectory;4;48,7;0;0,2639547;0;0;404,7857;(-51.95, -0.44, 166.20);0;True;False;1;0,04789755;0,00;0,00;0,00;0;0;0;0;0;48,7;34,1;0,0;0,0;4868,6;20;0,00;0,00;False;False;4;Right;
RZ22;10;Trajectory;4;48,8;0;0,2639547;0;0;404,7857;(-51.95, -0.44, 166.20);0;True;False;1;0,04789755;0,00;0,00;0,00;0;0;0;0;0;48,8;34,2;0,0;0,0;4868,6;20;0,00;0,00;False;False;4;Right;
RZ22;10;Trajectory;4;48,9;0;0,2639547;0;0;404,7857;(-51.95, -0.44, 166.20);0;True;False;1;0,04789755;0,00;0,00;0,00;0;0;0;0;0;48,9;34,3;0,0;0,0;4868,6;20;0,00;0,00;False;False;4;Right;
RZ22;10;Trajectory;4;49,0;0;0,2639547;0;0;404,7857;(-51.95, -0.44, 166.20);0;True;False;1;0,04789755;0,00;0,00;0,00;0;0;0;0;0;49,0;34,4;0,0;0,0;4868,6;20;0,00;0,00;False;False;4;Right;
RZ22;10;Trajectory;4;49,1;0;0,2639547;0;0;404,7857;(-51.95, -0.44, 166.20);0;True;False;1;0,04789755;0,00;0,00;0,00;0;0;0;0;0;49,1;34,5;0,0;0,0;4868,6;20;0,00;0,00;False;False;4;Right;
RZ22;10;Trajectory;4;49,2;0;0,2639547;0;0;404,7857;(-51.95, -0.44, 166.20);0;True;False;1;0,04789755;0,00;0,00;0,00;0;0;0;0;0;49,2;34,6;0,0;0,0;4868,6;20;0,00;0,00;False;False;4;Right;
RZ22;10;Trajectory;4;49,3;0;0,2639547;0;0;404,7857;(-51.95, -0.44, 166.20);0;True;False;1;0,04789755;0,00;0,00;0,00;0;0;0;0;0;49,3;34,7;0,0;0,0;4868,6;20;0,00;0,00;False;False;4;Right;
RZ22;10;Trajectory;4;49,4;6,975447E-05;0,2639605;0;0;404,7857;(-51.95, -0.44, 166.20);0;True;False;1;0,04785888;0,00;0,00;0,00;0;0;0;0;0;49,4;34,8;0,0;0,0;4868,6;20;0,00;0,00;False;False;4;Right;
RZ22;10;Trajectory;4;49,5;6,975447E-05;0,2639547;0;0;404,7857;(-51.95, -0.44, 166.20);0;True;False;1;0,04789755;0,00;0,00;0,00;0;0;0;0;0;49,5;34,9;0,0;0,0;4868,6;20;0,00;0,00;False;False;4;Right;
RZ22;10;Trajectory;4;49,6;6,975447E-05;0,2639489;0;0;404,7857;(-51.95, -0.44, 166.20);0;True;False;1;0,04793629;0,00;0,00;0,00;0;0;0;0;0;49,6;35,0;0,0;0,0;4868,6;20;0,00;0,00;False;False;4;Right;
RZ22;10;Trajectory;4;49,7;0,0001395089;0,2639605;0;0;404,7857;(-51.95, -0.44, 166.20);0;True;False;1;0,04785888;0,00;0,00;0,00;0;0;0;0;0;49,7;35,1;0,0;0,0;4868,6;20;0,00;0,00;False;False;4;Right;
RZ22;10;Trajectory;4;49,8;6,975447E-05;0,2639547;0;0;404,7857;(-51.95, -0.44, 166.20);0;True;False;1;0,04789755;0,00;0,00;0,00;0;0;0;0;0;49,8;35,2;0,0;0,0;4868,6;20;0,00;0,00;False;False;4;Right;
RZ22;10;Trajectory;4;49,9;0;0,2639547;0;0;404,7857;(-51.95, -0.44, 166.20);0;True;False;1;0,04789755;0,00;0,00;0,00;0;0;0;0;0;49,9;35,3;0,0;0,0;4868,6;20;0,00;0,00;False;False;4;Right;
RZ22;10;Trajectory;4;50,0;6,975447E-05;0,2639489;0;0;404,7857;(-51.95, -0.44, 166.20);0;True;False;1;0,04793629;0,00;0,00;0,00;0;0;0;0;0;50,0;35,4;0,0;0,0;4868,6;20;0,00;0,00;False;False;4;Right;
RZ22;10;Trajectory;4;50,1;6,975447E-05;0,2639547;0;0;404,7857;(-51.95, -0.44, 166.20);0;True;False;1;0,04789755;0,00;0,00;0,00;0;0;0;0;0;50,1;35,5;0,0;0,0;4868,6;20;0,00;0,00;False;False;4;Right;
RZ22;10;Trajectory;4;50,2;0;0,2639547;0;0;404,7857;(-51.95, -0.44, 166.20);0;True;False;1;0,04789755;0,00;0,00;0,00;0;0;0;0;0;50,2;35,6;0,0;0,0;4868,6;20;0,00;0,00;False;False;4;Right;
RZ22;10;Trajectory;4;50,3;0;0,2639547;0;0;404,7857;(-51.95, -0.44, 166.20);0;True;False;1;0,04789755;0,00;0,00;0,00;0;0;0;0;0;50,3;35,7;0,0;0,0;4868,6;20;0,00;0,00;False;False;4;Right;
RZ22;10;Trajectory;4;50,4;0;0,2639547;0;0;404,7857;(-51.95, -0.44, 166.20);0;True;False;1;0,04789755;0,00;0,00;0,00;0;0;0;0;0;50,4;35,8;0,0;0,0;4868,6;20;0,00;0,00;False;False;4;Right;
RZ22;10;Trajectory;4;50,5;0;0,2639547;0;0;404,7857;(-51.95, -0.44, 166.20);0;True;False;1;0,04789755;0,00;0,00;0,00;0;0;0;0;0;50,5;35,9;0,0;0,0;4868,6;20;0,00;0,00;False;False;4;Right;
RZ22;10;Trajectory;4;50,6;0;0,2639547;0;0;404,7857;(-51.95, -0.44, 166.20);0;True;False;1;0,04789755;0,00;0,00;0,00;0;0;0;0;0;50,6;36,0;0,0;0,0;4868,6;20;0,00;0,00;False;False;4;Right;
RZ22;10;Trajectory;4;50,7;0;0,2639547;0;0;404,7857;(-51.95, -0.44, 166.20);0;True;False;1;0,04789755;0,00;0,00;0,00;0;0;0;0;0;50,7;36,1;0,0;0,0;4868,6;20;0,00;0,00;False;False;4;Right;
RZ22;10;Trajectory;4;50,8;0;0,2639547;0;0;404,7857;(-51.95, -0.44, 166.20);0;True;False;1;0,04789755;0,00;0,00;0,00;0;0;0;0;0;50,8;36,2;0,0;0,0;4868,6;20;0,00;0,00;False;False;4;Right;
RZ22;10;Trajectory;4;50,9;0;0,2639547;0;0;404,7857;(-51.95, -0.44, 166.20);0;True;False;1;0,04789755;0,00;0,00;0,00;0;0;0;0;0;50,9;36,3;0,0;0,0;4868,6;20;0,00;0,00;False;False;4;Right;
RZ22;10;Trajectory;4;51,0;0;0,2639547;0;0;404,7857;(-51.95, -0.44, 166.20);0;True;False;1;0,04789755;0,00;0,00;0,00;0;0;0;0;0;51,0;36,4;0,0;0,0;4868,6;20;0,00;0,00;False;False;4;Right;
RZ22;10;Trajectory;4;51,1;6,975447E-05;0,2639605;0;0;404,7857;(-51.95, -0.44, 166.20);0;True;False;1;0,04785888;0,00;0,00;0,00;0;0;0;0;0;51,1;36,5;0,0;0,0;4868,6;20;0,00;0,00;False;False;4;Right;
RZ22;10;Trajectory;4;51,2;6,975447E-05;0,2639547;0;0;404,7857;(-51.95, -0.44, 166.20);0;True;False;1;0,04789755;0,00;0,00;0,00;0;0;0;0;0;51,2;36,6;0,0;0,0;4868,6;20;0,00;0,00;False;False;4;Right;
RZ22;10;Trajectory;4;51,3;0;0,2639547;0;0;404,7857;(-51.95, -0.44, 166.20);0;True;False;1;0,04789755;0,00;0,00;0,00;0;0;0;0;0;51,3;36,7;0,0;0,0;4868,6;20;0,00;0,00;False;False;4;Right;
RZ22;10;Trajectory;4;51,4;0;0,2639547;0;0;404,7857;(-51.95, -0.44, 166.20);0;True;False;1;0,04789755;0,00;0,00;0,00;0;0;0;0;0;51,4;36,8;0,0;0,0;4868,6;20;0,00;0,00;False;False;4;Right;
RZ22;10;Trajectory;4;51,5;0;0,2639547;0;0;404,7857;(-51.95, -0.44, 166.20);0;True;False;1;0,04789755;0,00;0,00;0,00;0;0;0;0;0;51,5;36,9;0,0;0,0;4868,6;20;0,00;0,00;False;False;4;Right;
RZ22;10;Trajectory;4;51,6;0;0,2639547;0;0;404,7857;(-51.95, -0.44, 166.20);0;True;False;1;0,04789755;0,00;0,00;0,00;0;0;0;0;0;51,6;37,0;0,0;0,0;4868,6;20;0,00;0,00;False;False;4;Right;
RZ22;10;Trajectory;4;51,7;0;0,2639547;0;0;404,7857;(-51.95, -0.44, 166.20);0;True;False;1;0,04789755;0,00;0,00;0,00;0;0;0;0;0;51,7;37,1;0,0;0,0;4868,6;20;0,00;0,00;False;False;4;Right;
RZ22;10;Trajectory;4;51,8;0;0,2639547;0;0;404,7857;(-51.95, -0.44, 166.20);0;True;False;1;0,04789755;0,00;0,00;0,00;0;0;0;0;0;51,8;37,2;0,0;0,0;4868,6;20;0,00;0,00;False;False;4;Right;
RZ22;10;Trajectory;4;51,9;0;0,2639547;0;0;404,7857;(-51.95, -0.44, 166.20);0;True;False;1;0,04789755;0,00;0,00;0,00;0;0;0;0;0;51,9;37,3;0,0;0,0;4868,6;20;0,00;0,00;False;False;4;Right;
RZ22;10;Trajectory;4;52,0;0;0,2639547;0;0;404,7857;(-51.95, -0.44, 166.20);0;True;False;1;0,04789755;0,00;0,00;0,00;0;0;0;0;0;52,0;37,4;0,0;0,0;4868,6;20;0,00;0,00;False;False;4;Right;
RZ22;10;Trajectory;4;52,1;0;0,2639547;0;0;404,7857;(-51.95, -0.44, 166.20);0;True;False;1;0,04789755;0,00;0,00;0,00;0;0;0;0;0;52,1;37,5;0,0;0,0;4868,6;20;0,00;0,00;False;False;4;Right;
RZ22;10;Trajectory;4;52,2;0;0,2639547;0;0;404,7857;(-51.95, -0.44, 166.20);0;True;False;1;0,04789755;0,00;0,00;0,00;0;0;0;0;0;52,2;37,6;0,0;0,0;4868,6;20;0,00;0,00;False;False;4;Right;
RZ22;10;Trajectory;4;52,3;0;0,2639547;0;0;404,7857;(-51.95, -0.44, 166.20);0;True;False;1;0,04789755;0,00;0,00;0,00;0;0;0;0;0;52,3;37,7;0,0;0,0;4868,6;20;0,00;0,00;False;False;4;Right;
RZ22;10;Trajectory;4;52,4;0;0,2639547;0;0;404,7857;(-51.95, -0.44, 166.20);0;True;False;1;0,04789755;0,00;0,00;0,00;0;0;0;0;0;52,4;37,8;0,0;0,0;4868,6;20;0,00;0,00;False;False;4;Right;
RZ22;10;Trajectory;4;52,5;0;0,2639547;0;0;404,7857;(-51.95, -0.44, 166.20);0;True;False;1;0,04789755;0,00;0,00;0,00;0;0;0;0;0;52,5;37,9;0,0;0,0;4868,6;20;0,00;0,00;False;False;4;Right;
RZ22;10;Trajectory;4;52,6;0;0,2639547;0;0;404,7857;(-51.95, -0.44, 166.20);0;True;False;1;0,04789755;0,00;0,00;0,00;0;0;0;0;0;52,6;38,0;0,0;0,0;4868,6;20;0,00;0,00;False;False;4;Right;
RZ22;10;Trajectory;4;52,7;0;0,2639547;0;0;404,7857;(-51.95, -0.44, 166.20);0;True;False;1;0,04789755;0,00;0,00;0,00;0;0;0;0;0;52,7;38,1;0,0;0,0;4868,6;20;0,00;0,00;False;False;4;Right;
RZ22;10;Trajectory;4;52,8;0;0,2639547;0;0;404,7857;(-51.95, -0.44, 166.20);0;True;False;1;0,04789755;0,00;0,00;0,00;0;0;0;0;0;52,8;38,2;0,0;0,0;4868,6;20;0,00;0,00;False;False;4;Right;
RZ22;10;Trajectory;4;52,9;6,975447E-05;0,2639605;0;0;404,7857;(-51.95, -0.44, 166.20);0;True;False;1;0,04785888;0,00;0,00;0,00;0;0;0;0;0;52,9;38,3;0,0;0,0;4868,6;20;0,00;0,00;False;False;4;Right;
RZ22;10;Trajectory;4;53,0;0,0001395089;0,2639489;0;0;404,7857;(-51.95, -0.44, 166.20);0;True;False;1;0,04793629;0,00;0,00;0,00;0;0;0;0;0;53,0;38,4;0,0;0,0;4868,6;20;0,00;0,00;False;False;4;Right;
RZ22;10;Trajectory;4;53,1;0,0001395089;0,2639605;0;0;404,7857;(-51.95, -0.44, 166.20);0;True;False;1;0,04785888;0,00;0,00;0,00;0;0;0;0;0;53,1;38,5;0,0;0,0;4868,6;20;0,00;0,00;False;False;4;Right;
RZ22;10;Trajectory;4;53,2;6,975447E-05;0,2639547;0;0;404,7857;(-51.95, -0.44, 166.20);0;True;False;1;0,04789755;0,00;0,00;0,00;0;0;0;0;0;53,2;38,6;0,0;0,0;4868,6;20;0,00;0,00;False;False;4;Right;
RZ22;10;Trajectory;4;53,3;6,975447E-05;0,2639605;0;0;404,7857;(-51.95, -0.44, 166.20);0;True;False;1;0,04785888;0,00;0,00;0,00;0;0;0;0;0;53,3;38,7;0,0;0,0;4868,6;20;0,00;0,00;False;False;4;Right;
RZ22;10;Trajectory;4;53,4;0,0001395089;0,2639489;0;0;404,7857;(-51.95, -0.44, 166.20);0;True;False;1;0,04793629;0,00;0,00;0,00;0;0;0;0;0;53,4;38,8;0,0;0,0;4868,6;20;0,00;0,00;False;False;4;Right;
RZ22;10;Trajectory;4;53,5;6,975447E-05;0,2639547;0;0;404,7857;(-51.95, -0.44, 166.20);0;True;False;1;0,04789755;0,00;0,00;0,00;0;0;0;0;0;53,5;38,9;0,0;0,0;4868,6;20;0,00;0,00;False;False;4;Right;
RZ22;10;Trajectory;4;53,6;0;0,2639547;0;0;404,7857;(-51.95, -0.44, 166.20);0;True;False;1;0,04789755;0,00;0,00;0,00;0;0;0;0;0;53,6;39,0;0,0;0,0;4868,6;20;0,00;0,00;False;False;4;Right;
RZ22;10;Trajectory;4;53,7;0;0,2639547;0;0;404,7857;(-51.95, -0.44, 166.20);0;True;False;1;0,04789755;0,00;0,00;0,00;0;0;0;0;0;53,7;39,1;0,0;0,0;4868,6;20;0,00;0,00;False;False;4;Right;
RZ22;10;Trajectory;4;53,8;6,975447E-05;0,2639605;0;0;404,7857;(-51.95, -0.44, 166.20);0;True;False;1;0,04785888;0,00;0,00;0,00;0;0;0;0;0;53,8;39,2;0,0;0,0;4868,6;20;0,00;0,00;False;False;4;Right;
RZ22;10;Trajectory;4;53,9;6,975447E-05;0,2639547;0;0;404,7857;(-51.95, -0.44, 166.20);0;True;False;1;0,04789755;0,00;0,00;0,00;0;0;0;0;0;53,9;39,3;0,0;0,0;4868,6;20;0,00;0,00;False;False;4;Right;
RZ22;10;Trajectory;4;54,0;0;0,2639547;0;0;404,7857;(-51.95, -0.44, 166.20);0;True;False;1;0,04789755;0,00;0,00;0,00;0;0;0;0;0;54,0;39,4;0,0;0,0;4868,6;20;0,00;0,00;False;False;4;Right;
RZ22;10;Trajectory;4;54,1;0;0,2639547;0;0;404,7857;(-51.95, -0.44, 166.20);0;True;False;1;0,04789755;0,00;0,00;0,00;0;0;0;0;0;54,1;39,5;0,0;0,0;4868,6;20;0,00;0,00;False;False;4;Right;
RZ22;10;Trajectory;4;54,2;6,975447E-05;0,2639489;0;0;404,7857;(-51.95, -0.44, 166.20);0;True;False;1;0,04793629;0,00;0,00;0,00;0;0;0;0;0;54,2;39,6;0,0;0,0;4868,6;20;0,00;0,00;False;False;4;Right;
RZ22;10;Trajectory;4;54,3;0;0,2639489;0;0;404,7857;(-51.95, -0.44, 166.20);0;True;False;1;0,04793629;0,00;0,00;0,00;0;0;0;0;0;54,3;39,7;0,0;0,0;4868,6;20;0,00;0,00;False;False;4;Right;
RZ22;10;Trajectory;4;54,4;6,975447E-05;0,2639547;0;0;404,7857;(-51.95, -0.44, 166.20);0;True;False;1;0,04789755;0,00;0,00;0,00;0;0;0;0;0;54,4;39,8;0,0;0,0;4868,6;20;0,00;0,00;False;False;4;Right;
RZ22;10;Trajectory;4;54,5;6,975447E-05;0,2639489;0;0;404,7857;(-51.95, -0.44, 166.20);0;True;False;1;0,04793629;0,00;0,00;0,00;0;0;0;0;0;54,5;39,9;0,0;0,0;4868,6;20;0,00;0,00;False;False;4;Right;
RZ22;10;Trajectory;4;54,6;6,975447E-05;0,2639547;0;0;404,7857;(-51.95, -0.44, 166.20);0;True;False;1;0,04789755;0,00;0,00;0,00;0;0;0;0;0;54,6;40,0;0,0;0,0;4868,6;20;0,00;0,00;False;False;4;Right;
RZ22;10;Trajectory;4;54,7;6,975447E-05;0,2639489;0;0;404,7857;(-51.95, -0.44, 166.20);0;True;False;1;0,04793629;0,00;0,00;0,00;0;0;0;0;0;54,7;40,1;0,0;0,0;4868,6;20;0,00;0,00;False;False;4;Right;
RZ22;10;Trajectory;4;54,8;6,975447E-05;0,2639547;0;0;404,7857;(-51.95, -0.44, 166.20);0;True;False;1;0,04789755;0,00;0,00;0,00;0;0;0;0;0;54,8;40,2;0,0;0,0;4868,6;20;0,00;0,00;False;False;4;Right;
RZ22;10;Trajectory;4;54,9;0;0,2639547;0;0;404,7857;(-51.95, -0.44, 166.20);0;True;False;1;0,04789755;0,00;0,00;0,00;0;0;0;0;0;54,9;40,3;0,0;0,0;4868,6;20;0,00;0,00;False;False;4;Right;
RZ22;10;Trajectory;4;55,0;0;0,2639547;0;0;404,7857;(-51.95, -0.44, 166.20);0;True;False;1;0,04789755;0,00;0,00;0,00;0;0;0;0;0;55,0;40,4;0,0;0,0;4868,6;20;0,00;0,00;False;False;4;Right;
RZ22;10;Trajectory;4;55,1;0;0,2639547;0;0;404,7857;(-51.95, -0.44, 166.20);0;True;False;1;0,04789755;0,00;0,00;0,00;0;0;0;0;0;55,1;40,5;0,0;0,0;4868,6;20;0,00;0,00;False;False;4;Right;
RZ22;10;Trajectory;4;55,2;0;0,2639547;0;0;404,7857;(-51.95, -0.44, 166.20);0;True;False;1;0,04789755;0,00;0,00;0,00;0;0;0;0;0;55,2;40,6;0,0;0,0;4868,6;20;0,00;0,00;False;False;4;Right;
RZ22;10;Trajectory;4;55,3;0;0,2639547;0;0;404,7857;(-51.95, -0.44, 166.20);0;True;False;1;0,04789755;0,00;0,00;0,00;0;0;0;0;0;55,3;40,7;0,0;0,0;4868,6;20;0,00;0,00;False;False;4;Right;
RZ22;10;Trajectory;4;55,4;0;0,2639547;0;0;404,7857;(-51.95, -0.44, 166.20);0;True;False;1;0,04789755;0,00;0,00;0,00;0;0;0;0;0;55,4;40,8;0,0;0,0;4868,6;20;0,00;0,00;False;False;4;Right;
RZ22;10;Trajectory;4;55,5;0;0,2639547;0;0;404,7857;(-51.95, -0.44, 166.20);0;True;False;1;0,04789755;0,00;0,00;0,00;0;0;0;0;0;55,5;40,9;0,0;0,0;4868,6;20;0,00;0,00;False;False;4;Right;
RZ22;10;Trajectory;4;55,6;0;0,2639547;0;0;404,7857;(-51.95, -0.44, 166.20);0;True;False;1;0,04789755;0,00;0,00;0,00;0;0;0;0;0;55,6;41,0;0,0;0,0;4868,6;20;0,00;0,00;False;False;4;Right;
RZ22;10;Trajectory;4;55,7;0;0,2639547;0;0;404,7857;(-51.95, -0.44, 166.20);0;True;False;1;0,04789755;0,00;0,00;0,00;0;0;0;0;0;55,7;41,1;0,0;0,0;4868,6;20;0,00;0,00;False;False;4;Right;
RZ22;10;Trajectory;4;55,8;0;0,2639547;0;0;404,7857;(-51.95, -0.44, 166.20);0;True;False;1;0,04789755;0,00;0,00;0,00;0;0;0;0;0;55,8;41,2;0,0;0,0;4868,6;20;0,00;0,00;False;False;4;Right;
RZ22;10;Trajectory;4;55,9;0;0,2639547;0;0;404,7857;(-51.95, -0.44, 166.20);0;True;False;1;0,04789755;0,00;0,00;0,00;0;0;0;0;0;55,9;41,3;0,0;0,0;4868,6;20;0,00;0,00;False;False;4;Right;
RZ22;10;Trajectory;4;56,0;0;0,2639547;0;0;404,7857;(-51.95, -0.44, 166.20);0;True;False;1;0,04789755;0,00;0,00;0,00;0;0;0;0;0;56,0;41,4;0,0;0,0;4868,6;20;0,00;0,00;False;False;4;Right;
RZ22;10;Trajectory;4;56,1;0;0,2639547;0;0;404,7857;(-51.95, -0.44, 166.20);0;True;False;1;0,04789755;0,00;0,00;0,00;0;0;0;0;0;56,1;41,5;0,0;0,0;4868,6;20;0,00;0,00;False;False;4;Right;
RZ22;10;Trajectory;4;56,2;0;0,2639547;0;0;404,7857;(-51.95, -0.44, 166.20);0;True;False;1;0,04789755;0,00;0,00;0,00;0;0;0;0;0;56,2;41,6;0,0;0,0;4868,6;20;0,00;0,00;False;False;4;Right;
RZ22;10;Trajectory;4;56,3;0;0,2639547;0;0;404,7857;(-51.95, -0.44, 166.20);0;True;False;1;0,04789755;0,00;0,00;0,00;0;0;0;0;0;56,3;41,7;0,0;0,0;4868,6;20;0,00;0,00;False;False;4;Right;
RZ22;10;Trajectory;4;56,4;0;0,2639547;0;0;404,7857;(-51.95, -0.44, 166.20);0;True;False;1;0,04789755;0,00;0,00;0,00;0;0;0;0;0;56,4;41,8;0,0;0,0;4868,6;20;0,00;0,00;False;False;4;Right;
RZ22;10;Trajectory;4;56,5;0;0,2639547;0;0;404,7857;(-51.95, -0.44, 166.20);0;True;False;1;0,04789755;0,00;0,00;0,00;0;0;0;0;0;56,5;41,9;0,0;0,0;4868,6;20;0,00;0,00;False;False;4;Right;
RZ22;10;Trajectory;4;56,6;0;0,2639547;0;0;404,7857;(-51.95, -0.44, 166.20);0;True;False;1;0,04789755;0,00;0,00;0,00;0;0;0;0;0;56,6;42,0;0,0;0,0;4868,6;20;0,00;0,00;False;False;4;Right;
RZ22;10;Trajectory;4;56,7;0;0,2639547;0;0;404,7857;(-51.95, -0.44, 166.20);0;True;False;1;0,04789755;0,00;0,00;0,00;0;0;0;0;0;56,7;42,1;0,0;0,0;4868,6;20;0,00;0,00;False;False;4;Right;
RZ22;10;Trajectory;4;56,8;0;0,2639547;0;0;404,7857;(-51.95, -0.44, 166.20);0;True;False;1;0,04789755;0,00;0,00;0,00;0;0;0;0;0;56,8;42,2;0,0;0,0;4868,6;20;0,00;0,00;False;False;4;Right;
RZ22;10;Trajectory;4;56,9;0;0,2639547;0;0;404,7857;(-51.95, -0.44, 166.20);0;True;False;1;0,04789755;0,00;0,00;0,00;0;0;0;0;0;56,9;42,3;0,0;0,0;4868,6;20;0,00;0,00;False;False;4;Right;
RZ22;10;Trajectory;4;57,0;0;0,2639547;0;0;404,7857;(-51.95, -0.44, 166.20);0;True;False;1;0,04789755;0,00;0,00;0,00;0;0;0;0;0;57,0;42,4;0,0;0,0;4868,6;20;0,00;0,00;False;False;4;Right;
RZ22;10;Trajectory;4;57,1;0;0,2639547;0;0;404,7857;(-51.95, -0.44, 166.20);0;True;False;1;0,04789755;0,00;0,00;0,00;0;0;0;0;0;57,1;42,5;0,0;0,0;4868,6;20;0,00;0,00;False;False;4;Right;
RZ22;10;Trajectory;4;57,2;0;0,2639547;0;0;404,7857;(-51.95, -0.44, 166.20);0;True;False;1;0,04789755;0,00;0,00;0,00;0;0;0;0;0;57,2;42,6;0,0;0,0;4868,6;20;0,00;0,00;False;False;4;Right;
RZ22;10;Trajectory;4;57,3;0;0,2639547;0;0;404,7857;(-51.95, -0.44, 166.20);0;True;False;1;0,04789755;0,00;0,00;0,00;0;0;0;0;0;57,3;42,7;0,0;0,0;4868,6;20;0,00;0,00;False;False;4;Right;
RZ22;10;Trajectory;4;57,4;6,975447E-05;0,2639489;0;0;404,7857;(-51.95, -0.44, 166.20);0;True;False;1;0,04793629;0,00;0,00;0,00;0;0;0;0;0;57,4;42,8;0,0;0,0;4868,6;20;0,00;0,00;False;False;4;Right;
RZ22;10;Trajectory;4;57,5;0;0,2639489;0;0;404,7857;(-51.95, -0.44, 166.20);0;True;False;1;0,04793629;0,00;0,00;0,00;0;0;0;0;0;57,5;42,9;0,0;0,0;4868,6;20;0,00;0,00;False;False;4;Right;
RZ22;10;Trajectory;4;57,6;6,975447E-05;0,2639547;0;0;404,7857;(-51.95, -0.44, 166.20);0;True;False;1;0,04789755;0,00;0,00;0,00;0;0;0;0;0;57,6;43,0;0,0;0,0;4868,6;20;0,00;0,00;False;False;4;Right;
RZ22;10;Trajectory;4;57,7;0;0,2639547;0;0;404,7857;(-51.95, -0.44, 166.20);0;True;False;1;0,04789755;0,00;0,00;0,00;0;0;0;0;0;57,7;43,1;0,0;0,0;4868,6;20;0,00;0,00;False;False;4;Right;
RZ22;10;Trajectory;4;57,8;6,975447E-05;0,2639605;0;0;404,7857;(-51.95, -0.44, 166.20);0;True;False;1;0,04785888;0,00;0,00;0,00;0;0;0;0;0;57,8;43,2;0,0;0,0;4868,6;20;0,00;0,00;False;False;4;Right;
RZ22;10;Trajectory;4;57,9;6,975447E-05;0,2639547;0;0;404,7857;(-51.95, -0.44, 166.20);0;True;False;1;0,04789755;0,00;0,00;0,00;0;0;0;0;0;57,9;43,3;0,0;0,0;4868,6;20;0,00;0,00;False;False;4;Right;
RZ22;10;Trajectory;4;58,0;6,975447E-05;0,2639489;0;0;404,7857;(-51.95, -0.44, 166.20);0;True;False;1;0,04793629;0,00;0,00;0,00;0;0;0;0;0;58,0;43,4;0,0;0,0;4868,6;20;0,00;0,00;False;False;4;Right;
RZ22;10;Trajectory;4;58,1;6,975447E-05;0,2639547;0;0;404,7857;(-51.95, -0.44, 166.20);0;True;False;1;0,04789755;0,00;0,00;0,00;0;0;0;0;0;58,1;43,5;0,0;0,0;4868,6;20;0,00;0,00;False;False;4;Right;
RZ22;10;Trajectory;4;58,2;6,975447E-05;0,2639489;0;0;404,7857;(-51.95, -0.44, 166.20);0;True;False;1;0,04793629;0,00;0,00;0,00;0;0;0;0;0;58,2;43,6;0,0;0,0;4868,6;20;0,00;0,00;False;False;4;Right;
RZ22;10;Trajectory;4;58,3;6,975447E-05;0,2639547;0;0;404,7857;(-51.95, -0.44, 166.20);0;True;False;1;0,04789755;0,00;0,00;0,00;0;0;0;0;0;58,3;43,7;0,0;0,0;4868,6;20;0,00;0,00;False;False;4;Right;
RZ22;10;Trajectory;4;58,4;0;0,2639547;0;0;404,7857;(-51.95, -0.44, 166.20);0;True;False;1;0,04789755;0,00;0,00;0,00;0;0;0;0;0;58,4;43,8;0,0;0,0;4868,6;20;0,00;0,00;False;False;4;Right;
RZ22;10;Trajectory;4;58,5;6,975447E-05;0,2639489;0;0;404,7857;(-51.95, -0.44, 166.20);0;True;False;1;0,04793629;0,00;0,00;0,00;0;0;0;0;0;58,5;43,9;0,0;0,0;4868,6;20;0,00;0,00;False;False;4;Right;
RZ22;10;Trajectory;4;58,6;6,975447E-05;0,2639547;0;0;404,7857;(-51.95, -0.44, 166.20);0;True;False;1;0,04789755;0,00;0,00;0,00;0;0;0;0;0;58,6;44,0;0,0;0,0;4868,6;20;0,00;0,00;False;False;4;Right;
RZ22;10;Trajectory;4;58,7;6,975447E-05;0,2639489;0;0;404,7857;(-51.95, -0.44, 166.20);0;True;False;1;0,04793629;0,00;0,00;0,00;0;0;0;0;0;58,7;44,1;0,0;0,0;4868,6;20;0,00;0,00;False;False;4;Right;
RZ22;10;Trajectory;4;58,8;6,975447E-05;0,2639547;0;0;404,7857;(-51.95, -0.44, 166.20);0;True;False;1;0,04789755;0,00;0,00;0,00;0;0;0;0;0;58,8;44,2;0,0;0,0;4868,6;20;0,00;0,00;False;False;4;Right;
RZ22;10;Trajectory;4;58,9;6,975447E-05;0,2639489;0;0;404,7857;(-51.95, -0.44, 166.20);0;True;False;1;0,04793629;0,00;0,00;0,00;0;0;0;0;0;58,9;44,3;0,0;0,0;4868,6;20;0,00;0,00;False;False;4;Right;
RZ22;10;Trajectory;4;59,0;6,975447E-05;0,2639547;0;0;404,7857;(-51.95, -0.44, 166.20);0;True;False;1;0,04789755;0,00;0,00;0,00;0;0;0;0;0;59,0;44,4;0,0;0,0;4868,6;20;0,00;0,00;False;False;4;Right;
RZ22;10;Trajectory;4;59,1;0;0,2639547;0;0;404,7857;(-51.95, -0.44, 166.20);0;True;False;1;0,04789755;0,00;0,00;0,00;0;0;0;0;0;59,1;44,5;0,0;0,0;4868,6;20;0,00;0,00;False;False;4;Right;
RZ22;10;Trajectory;4;59,2;0;0,2639547;0;0;404,7857;(-51.95, -0.44, 166.20);0;True;False;1;0,04789755;0,00;0,00;0,00;0;0;0;0;0;59,2;44,6;0,0;0,0;4868,6;20;0,00;0,00;False;False;4;Right;
RZ22;10;Trajectory;4;59,3;0;0,2639547;0;0;404,7857;(-51.95, -0.44, 166.20);0;True;False;1;0,04789755;0,00;0,00;0,00;0;0;0;0;0;59,3;44,7;0,0;0,0;4868,6;20;0,00;0,00;False;False;4;Right;
RZ22;10;Trajectory;4;59,4;0;0,2639547;0;0;404,7857;(-51.95, -0.44, 166.20);0;True;False;1;0,04789755;0,00;0,00;0,00;0;0;0;0;0;59,4;44,8;0,0;0,0;4868,6;20;0,00;0,00;False;False;4;Right;
RZ22;10;Trajectory;4;59,5;0;0,2639547;0;0;404,7857;(-51.95, -0.44, 166.20);0;True;False;1;0,04789755;0,00;0,00;0,00;0;0;0;0;0;59,5;44,9;0,0;0,0;4868,6;20;0,00;0,00;False;False;4;Right;
RZ22;10;Trajectory;4;59,6;0;0,2639547;0;0;404,7857;(-51.95, -0.44, 166.20);0;True;False;1;0,04789755;0,00;0,00;0,00;0;0;0;0;0;59,6;45,0;0,0;0,0;4868,6;20;0,00;0,00;False;False;4;Right;
RZ22;10;Trajectory;4;59,7;0;0,2639547;0;0;404,7857;(-51.95, -0.44, 166.20);0;True;False;1;0,04789755;0,00;0,00;0,00;0;0;0;0;0;59,7;45,1;0,0;0,0;4868,6;20;0,00;0,00;False;False;4;Right;
RZ22;10;Trajectory;4;59,8;0;0,2639547;0;0;404,7857;(-51.95, -0.44, 166.20);0;True;False;1;0,04789755;0,00;0,00;0,00;0;0;0;0;0;59,8;45,2;0,0;0,0;4868,6;20;0,00;0,00;False;False;4;Right;
RZ22;10;Trajectory;4;59,9;0;0,2639547;0;0;404,7857;(-51.95, -0.44, 166.20);0;True;False;1;0,04789755;0,00;0,00;0,00;0;0;0;0;0;59,9;45,3;0,0;0,0;4868,6;20;0,00;0,00;False;False;4;Right;
RZ22;10;Trajectory;4;60,0;0;0,2639547;0;0;404,7857;(-51.95, -0.44, 166.20);0;True;False;1;0,04789755;0,00;0,00;0,00;0;0;0;0;0;60,0;45,4;0,0;0,0;4868,6;20;0,00;0,00;False;False;4;Right;
RZ22;10;Trajectory;4;60,1;6,975447E-05;0,2639605;0;0;404,7857;(-51.95, -0.44, 166.20);0;True;False;1;0,04785888;0,00;0,00;0,00;0;0;0;0;0;60,1;45,5;0,0;0,0;4868,6;20;0,00;0,00;False;False;4;Right;
RZ22;10;Trajectory;4;60,2;6,975447E-05;0,2639547;0;0;404,7857;(-51.95, -0.44, 166.20);0;True;False;1;0,04789755;0,00;0,00;0,00;0;0;0;0;0;60,2;45,6;0,0;0,0;4868,6;20;0,00;0,00;False;False;4;Right;
RZ22;10;Trajectory;4;60,3;6,975447E-05;0,2639489;0;0;404,7857;(-51.95, -0.44, 166.20);0;True;False;1;0,04793629;0,00;0,00;0,00;0;0;0;0;0;60,3;45,7;0,0;0,0;4868,6;20;0,00;0,00;False;False;4;Right;
RZ22;10;Trajectory;4;60,4;6,975447E-05;0,2639547;0;0;404,7857;(-51.95, -0.44, 166.20);0;True;False;1;0,04789755;0,00;0,00;0,00;0;0;0;0;0;60,4;45,8;0,0;0,0;4868,6;20;0,00;0,00;False;False;4;Right;
RZ22;10;Trajectory;4;60,5;0;0,2639547;0;0;404,7857;(-51.95, -0.44, 166.20);0;True;False;1;0,04789755;0,00;0,00;0,00;0;0;0;0;0;60,5;45,9;0,0;0,0;4868,6;20;0,00;0,00;False;False;4;Right;
RZ22;10;Trajectory;4;60,6;6,975447E-05;0,2639489;0;0;404,7857;(-51.95, -0.44, 166.20);0;True;False;1;0,04793629;0,00;0,00;0,00;0;0;0;0;0;60,6;46,0;0,0;0,0;4868,6;20;0,00;0,00;False;False;4;Right;
RZ22;10;Trajectory;4;60,7;6,975447E-05;0,2639547;0;0;404,7857;(-51.95, -0.44, 166.20);0;True;False;1;0,04789755;0,00;0,00;0,00;0;0;0;0;0;60,7;46,1;0,0;0,0;4868,6;20;0,00;0,00;False;False;4;Right;
RZ22;10;Trajectory;4;60,8;6,975447E-05;0,2639489;0;0;404,7857;(-51.95, -0.44, 166.20);0;True;False;1;0,04793629;0,00;0,00;0,00;0;0;0;0;0;60,8;46,2;0,0;0,0;4868,6;20;0,00;0,00;False;False;4;Right;
RZ22;10;Trajectory;4;60,9;0,0001395089;0,2639605;0;0;404,7857;(-51.95, -0.44, 166.20);0;True;False;1;0,04785888;0,00;0,00;0,00;0;0;0;0;0;60,9;46,3;0,0;0,0;4868,6;20;0,00;0,00;False;False;4;Right;
RZ22;10;Trajectory;4;61,0;0;0,2639605;0;0;404,7857;(-51.95, -0.44, 166.20);0;True;False;1;0,04785888;0,00;0,00;0,00;0;0;0;0;0;61,0;46,4;0,0;0,0;4868,6;20;0,00;0,00;False;False;4;Right;
RZ22;10;Trajectory;4;61,1;6,975447E-05;0,2639547;0;0;404,7857;(-51.95, -0.44, 166.20);0;True;False;1;0,04789755;0,00;0,00;0,00;0;0;0;0;0;61,1;46,5;0,0;0,0;4868,6;20;0,00;0,00;False;False;4;Right;
RZ22;10;Trajectory;4;61,2;0;0,2639547;0;0;404,7857;(-51.95, -0.44, 166.20);0;True;False;1;0,04789755;0,00;0,00;0,00;0;0;0;0;0;61,2;46,6;0,0;0,0;4868,6;20;0,00;0,00;False;False;4;Right;
RZ22;10;Trajectory;4;61,3;0;0,2639547;0;0;404,7857;(-51.95, -0.44, 166.20);0;True;False;1;0,04789755;0,00;0,00;0,00;0;0;0;0;0;61,3;46,7;0,0;0,0;4868,6;20;0,00;0,00;False;False;4;Right;
RZ22;10;Trajectory;4;61,4;0;0,2639547;0;0;404,7857;(-51.95, -0.44, 166.20);0;True;False;1;0,04789755;0,00;0,00;0,00;0;0;0;0;0;61,4;46,8;0,0;0,0;4868,6;20;0,00;0,00;False;False;4;Right;
RZ22;10;Trajectory;4;61,5;0;0,2639547;0;0;404,7857;(-51.95, -0.44, 166.20);0;True;False;1;0,04789755;0,00;0,00;0,00;0;0;0;0;0;61,5;46,9;0,0;0,0;4868,6;20;0,00;0,00;False;False;4;Right;
RZ22;10;Trajectory;4;61,6;0;0,2639547;0;0;404,7857;(-51.95, -0.44, 166.20);0;True;False;1;0,04789755;0,00;0,00;0,00;0;0;0;0;0;61,6;47,0;0,0;0,0;4868,6;20;0,00;0,00;False;False;4;Right;
RZ22;10;Trajectory;4;61,7;6,975447E-05;0,2639489;0;0;404,7857;(-51.95, -0.44, 166.20);0;True;False;1;0,04793629;0,00;0,00;0,00;0;0;0;0;0;61,7;47,1;0,0;0,0;4868,6;20;0,00;0,00;False;False;4;Right;
RZ22;10;Trajectory;4;61,8;6,975447E-05;0,2639547;0;0;404,7857;(-51.95, -0.44, 166.20);0;True;False;1;0,04789755;0,00;0,00;0,00;0;0;0;0;0;61,8;47,2;0,0;0,0;4868,6;20;0,00;0,00;False;False;4;Right;
RZ22;10;Trajectory;4;61,9;0;0,2639547;0;0;404,7857;(-51.95, -0.44, 166.20);0;True;False;1;0,04789755;0,00;0,00;0,00;0;0;0;0;0;61,9;47,3;0,0;0,0;4868,6;20;0,00;0,00;False;False;4;Right;
RZ22;10;Trajectory;4;62,0;6,975447E-05;0,2639605;0;0;404,7857;(-51.95, -0.44, 166.20);0;True;False;1;0,04785888;0,00;0,00;0,00;0;0;0;0;0;62,0;47,4;0,0;0,0;4868,6;20;0,00;0,00;False;False;4;Right;
RZ22;10;Trajectory;4;62,1;6,975447E-05;0,2639547;0;0;404,7857;(-51.95, -0.44, 166.20);0;True;False;1;0,04789755;0,00;0,00;0,00;0;0;0;0;0;62,1;47,5;0,0;0,0;4868,6;20;0,00;0,00;False;False;4;Right;
RZ22;10;Trajectory;4;62,2;0;0,2639547;0;0;404,7857;(-51.95, -0.44, 166.20);0;True;False;1;0,04789755;0,00;0,00;0,00;0;0;0;0;0;62,2;47,6;0,0;0,0;4868,6;20;0,00;0,00;False;False;4;Right;
RZ22;10;Trajectory;4;62,3;0;0,2639547;0;0;404,7857;(-51.95, -0.44, 166.20);0;True;False;1;0,04789755;0,00;0,00;0,00;0;0;0;0;0;62,3;47,7;0,0;0,0;4868,6;20;0,00;0,00;False;False;4;Right;
RZ22;10;Trajectory;4;62,4;0;0,2639547;0;0;404,7857;(-51.95, -0.44, 166.20);0;True;False;1;0,04789755;0,00;0,00;0,00;0;0;0;0;0;62,4;47,8;0,0;0,0;4868,6;20;0,00;0,00;False;False;4;Right;
RZ22;10;Trajectory;4;62,5;0;0,2639547;0;0;404,7857;(-51.95, -0.44, 166.20);0;True;False;1;0,04789755;0,00;0,00;0,00;0;0;0;0;0;62,5;47,9;0,0;0,0;4868,6;20;0,00;0,00;False;False;4;Right;
RZ22;10;Trajectory;4;62,6;0;0,2639547;0;0;404,7857;(-51.95, -0.44, 166.20);0;True;False;1;0,04789755;0,00;0,00;0,00;0;0;0;0;0;62,6;48,0;0,0;0,0;4868,6;20;0,00;0,00;False;False;4;Right;
RZ22;10;Trajectory;4;62,7;0;0,2639547;0;0;404,7857;(-51.95, -0.44, 166.20);0;True;False;1;0,04789755;0,00;0,00;0,00;0;0;0;0;0;62,7;48,1;0,0;0,0;4868,6;20;0,00;0,00;False;False;4;Right;
RZ22;10;Trajectory;4;62,8;0;0,2639547;0;0;404,7857;(-51.95, -0.44, 166.20);0;True;False;1;0,04789755;0,00;0,00;0,00;0;0;0;0;0;62,8;48,2;0,0;0,0;4868,6;20;0,00;0,00;False;False;4;Right;
RZ22;10;Trajectory;4;62,9;0;0,2639547;0;0;404,7857;(-51.95, -0.44, 166.20);0;True;False;1;0,04789755;0,00;0,00;0,00;0;0;0;0;0;62,9;48,3;0,0;0,0;4868,6;20;0,00;0,00;False;False;4;Right;
RZ22;10;Trajectory;4;63,0;0;0,2639547;0;0;404,7857;(-51.95, -0.44, 166.20);0;True;False;1;0,04789755;0,00;0,00;0,00;0;0;0;0;0;63,0;48,4;0,0;0,0;4868,6;20;0,00;0,00;False;False;4;Right;
RZ22;10;Trajectory;4;63,1;0;0,2639547;0;0;404,7857;(-51.95, -0.44, 166.20);0;True;False;1;0,04789755;0,00;0,00;0,00;0;0;0;0;0;63,1;48,5;0,0;0,0;4868,6;20;0,00;0,00;False;False;4;Right;
RZ22;10;Trajectory;4;63,2;0;0,2639547;0;0;404,7857;(-51.95, -0.44, 166.20);0;True;False;1;0,04789755;0,00;0,00;0,00;0;0;0;0;0;63,2;48,6;0,0;0,0;4868,6;20;0,00;0,00;False;False;4;Right;
RZ22;10;Trajectory;4;63,3;0;0,2639547;0;0;404,7857;(-51.95, -0.44, 166.20);0;True;False;1;0,04789755;0,00;0,00;0,00;0;0;0;0;0;63,3;48,7;0,0;0,0;4868,6;20;0,00;0,00;False;False;4;Right;
RZ22;10;Trajectory;4;63,4;0;0,2639547;0;0;404,7857;(-51.95, -0.44, 166.20);0;True;False;1;0,04789755;0,00;0,00;0,00;0;0;0;0;0;63,4;48,8;0,0;0,0;4868,6;20;0,00;0,00;False;False;4;Right;
RZ22;10;Trajectory;4;63,5;6,975447E-05;0,2639489;0;0;404,7857;(-51.95, -0.44, 166.20);0;True;False;1;0,04793629;0,00;0,00;0,00;0;0;0;0;0;63,5;48,9;0,0;0,0;4868,6;20;0,00;0,00;False;False;4;Right;
RZ22;10;Trajectory;4;63,6;0;0,2639489;0;0;404,7857;(-51.95, -0.44, 166.20);0;True;False;1;0,04793629;0,00;0,00;0,00;0;0;0;0;0;63,6;49,0;0,0;0,0;4868,6;20;0,00;0,00;False;False;4;Right;
RZ22;10;Trajectory;4;63,7;6,975447E-05;0,2639547;0;0;404,7857;(-51.95, -0.44, 166.20);0;True;False;1;0,04789755;0,00;0,00;0,00;0;0;0;0;0;63,7;49,1;0,0;0,0;4868,6;20;0,00;0,00;False;False;4;Right;
RZ22;10;Trajectory;4;63,8;0;0,2639547;0;0;404,7857;(-51.95, -0.44, 166.20);0;True;False;1;0,04789755;0,00;0,00;0,00;0;0;0;0;0;63,8;49,2;0,0;0,0;4868,6;20;0,00;0,00;False;False;4;Right;
RZ22;10;Trajectory;4;63,9;0;0,2639547;0;0;404,7857;(-51.95, -0.44, 166.20);0;True;False;1;0,04789755;0,00;0,00;0,00;0;0;0;0;0;63,9;49,3;0,0;0,0;4868,6;20;0,00;0,00;False;False;4;Right;
RZ22;10;Trajectory;4;64,0;0;0,2639547;0;0;404,7857;(-51.95, -0.44, 166.20);0;True;False;1;0,04789755;0,00;0,00;0,00;0;0;0;0;0;64,0;49,4;0,0;0,0;4868,6;20;0,00;0,00;False;False;4;Right;
RZ22;10;Trajectory;4;64,1;0;0,2639547;0;0;404,7857;(-51.95, -0.44, 166.20);0;True;False;1;0,04789755;0,00;0,00;0,00;0;0;0;0;0;64,1;49,5;0,0;0,0;4868,6;20;0,00;0,00;False;False;4;Right;
RZ22;10;Trajectory;4;64,2;0;0,2639547;0;0;404,7857;(-51.95, -0.44, 166.20);0;True;False;1;0,04789755;0,00;0,00;0,00;0;0;0;0;0;64,2;49,6;0,0;0,0;4868,6;20;0,00;0,00;False;False;4;Right;
RZ22;10;Trajectory;4;64,3;0;0,2639547;0;0;404,7857;(-51.95, -0.44, 166.20);0;True;False;1;0,04789755;0,00;0,00;0,00;0;0;0;0;0;64,3;49,7;0,0;0,0;4868,6;20;0,00;0,00;False;False;4;Right;
RZ22;10;Trajectory;4;64,4;0;0,2639547;0;0;404,7857;(-51.95, -0.44, 166.20);0;True;False;1;0,04789755;0,00;0,00;0,00;0;0;0;0;0;64,4;49,8;0,0;0,0;4868,6;20;0,00;0,00;False;False;4;Right;
RZ22;10;Trajectory;4;64,5;0;0,2639547;0;0;404,7857;(-51.95, -0.44, 166.20);0;True;False;1;0,04789755;0,00;0,00;0,00;0;0;0;0;0;64,5;49,9;0,0;0,0;4868,6;20;0,00;0,00;False;False;4;Right;
RZ22;10;Trajectory;4;64,6;0;0,2639547;0;0;404,7857;(-51.95, -0.44, 166.20);0;True;False;1;0,04789755;0,00;0,00;0,00;0;0;0;0;0;64,6;50,0;0,0;0,0;4868,6;20;0,00;0,00;False;False;4;Right;
RZ22;10;Trajectory;4;64,7;0;0,2639547;0;0;404,7857;(-51.95, -0.44, 166.20);0;True;False;1;0,04789755;0,00;0,00;0,00;0;0;0;0;0;64,7;50,1;0,0;0,0;4868,6;20;0,00;0,00;False;False;4;Right;
RZ22;10;Trajectory;4;64,8;0;0,2639547;0;0;404,7857;(-51.95, -0.44, 166.20);0;True;False;1;0,04789755;0,00;0,00;0,00;0;0;0;0;0;64,8;50,2;0,0;0,0;4868,6;20;0,00;0,00;False;False;4;Right;
RZ22;10;Trajectory;4;64,9;0;0,2639547;0;0;404,7857;(-51.95, -0.44, 166.20);0;True;False;1;0,04789755;0,00;0,00;0,00;0;0;0;0;0;64,9;50,3;0,0;0,0;4868,6;20;0,00;0,00;False;False;4;Right;
RZ22;10;Trajectory;4;65,0;0;0,2639547;0;0;404,7857;(-51.95, -0.44, 166.20);0;True;False;1;0,04789755;0,00;0,00;0,00;0;0;0;0;0;65,0;50,4;0,0;0,0;4868,6;20;0,00;0,00;False;False;4;Right;
RZ22;10;Trajectory;4;65,1;0;0,2639547;0;0;404,7857;(-51.95, -0.44, 166.20);0;True;False;1;0,04789755;0,00;0,00;0,00;0;0;0;0;0;65,1;50,5;0,0;0,0;4868,6;20;0,00;0,00;False;False;4;Right;
RZ22;10;Trajectory;4;65,2;6,975447E-05;0,2639489;0;0;404,7857;(-51.95, -0.44, 166.20);0;True;False;1;0,04793629;0,00;0,00;0,00;0;0;0;0;0;65,2;50,6;0,0;0,0;4868,6;20;0,00;0,00;False;False;4;Right;
RZ22;10;Trajectory;4;65,3;6,975447E-05;0,2639547;0;0;404,7857;(-51.95, -0.44, 166.20);0;True;False;1;0,04789755;0,00;0,00;0,00;0;0;0;0;0;65,3;50,7;0,0;0,0;4868,6;20;0,00;0,00;False;False;4;Right;
RZ22;10;Trajectory;4;65,4;6,975447E-05;0,2639605;0;0;404,7857;(-51.95, -0.44, 166.20);0;True;False;1;0,04785888;0,00;0,00;0,00;0;0;0;0;0;65,4;50,8;0,0;0,0;4868,6;20;0,00;0,00;False;False;4;Right;
RZ22;10;Trajectory;4;65,5;6,975447E-05;0,2639547;0;0;404,7857;(-51.95, -0.44, 166.20);0;True;False;1;0,04789755;0,00;0,00;0,00;0;0;0;0;0;65,5;50,9;0,0;0,0;4868,6;20;0,00;0,00;False;False;4;Right;
RZ22;10;Trajectory;4;65,6;0;0,2639547;0;0;404,7857;(-51.95, -0.44, 166.20);0;True;False;1;0,04789755;0,00;0,00;0,00;0;0;0;0;0;65,6;51,0;0,0;0,0;4868,6;20;0,00;0,00;False;False;4;Right;
RZ22;10;Trajectory;4;65,7;0;0,2639547;0;0;404,7857;(-51.95, -0.44, 166.20);0;True;False;1;0,04789755;0,00;0,00;0,00;0;0;0;0;0;65,7;51,1;0,0;0,0;4868,6;20;0,00;0,00;False;False;4;Right;
RZ22;10;Trajectory;4;65,8;0;0,2639547;0;0;404,7857;(-51.95, -0.44, 166.20);0;True;False;1;0,04789755;0,00;0,00;0,00;0;0;0;0;0;65,8;51,2;0,0;0,0;4868,6;20;0,00;0,00;False;False;4;Right;
RZ22;10;Trajectory;4;65,9;0;0,2639547;0;0;404,7857;(-51.95, -0.44, 166.20);0;True;False;1;0,04789755;0,00;0,00;0,00;0;0;0;0;0;65,9;51,3;0,0;0,0;4868,6;20;0,00;0,00;False;False;4;Right;
RZ22;10;Trajectory;4;66,0;0;0,2639547;0;0;404,7857;(-51.95, -0.44, 166.20);0;True;False;1;0,04789755;0,00;0,00;0,00;0;0;0;0;0;66,0;51,4;0,0;0,0;4868,6;20;0,00;0,00;False;False;4;Right;
RZ22;10;Trajectory;4;66,1;0;0,2639547;0;0;404,7857;(-51.95, -0.44, 166.20);0;True;False;1;0,04789755;0,00;0,00;0,00;0;0;0;0;0;66,1;51,5;0,0;0,0;4868,6;20;0,00;0,00;False;False;4;Right;
RZ22;10;Trajectory;4;66,2;0;0,2639547;0;0;404,7857;(-51.95, -0.44, 166.20);0;True;False;1;0,04789755;0,00;0,00;0,00;0;0;0;0;0;66,2;51,6;0,0;0,0;4868,6;20;0,00;0,00;False;False;4;Right;
RZ22;10;Trajectory;4;66,3;0;0,2639547;0;0;404,7857;(-51.95, -0.44, 166.20);0;True;False;1;0,04789755;0,00;0,00;0,00;0;0;0;0;0;66,3;51,7;0,0;0,0;4868,6;20;0,00;0,00;False;False;4;Right;
RZ22;10;Trajectory;4;66,4;0;0,2639547;0;0;404,7857;(-51.95, -0.44, 166.20);0;True;False;1;0,04789755;0,00;0,00;0,00;0;0;0;0;0;66,4;51,8;0,0;0,0;4868,6;20;0,00;0,00;False;False;4;Right;
RZ22;10;Trajectory;4;66,5;0;0,2639547;0;0;404,7857;(-51.95, -0.44, 166.20);0;True;False;1;0,04789755;0,00;0,00;0,00;0;0;0;0;0;66,5;51,9;0,0;0,0;4868,6;20;0,00;0,00;False;False;4;Right;
RZ22;10;Trajectory;4;66,6;0;0,2639547;0;0;404,7857;(-51.95, -0.44, 166.20);0;True;False;1;0,04789755;0,00;0,00;0,00;0;0;0;0;0;66,6;52,0;0,0;0,0;4868,6;20;0,00;0,00;False;False;4;Right;
RZ22;10;Trajectory;4;66,7;0;0,2639547;0;0;404,7857;(-51.95, -0.44, 166.20);0;True;False;1;0,04789755;0,00;0,00;0,00;0;0;0;0;0;66,7;52,1;0,0;0,0;4868,6;20;0,00;0,00;False;False;4;Right;
RZ22;10;Trajectory;4;66,8;0;0,2639547;0;0;404,7857;(-51.95, -0.44, 166.20);0;True;False;1;0,04789755;0,00;0,00;0,00;0;0;0;0;0;66,8;52,2;0,0;0,0;4868,6;20;0,00;0,00;False;False;4;Right;
RZ22;10;Trajectory;4;66,9;0;0,2639547;0;0;404,7857;(-51.95, -0.44, 166.20);0;True;False;1;0,04789755;0,00;0,00;0,00;0;0;0;0;0;66,9;52,3;0,0;0,0;4868,6;20;0,00;0,00;False;False;4;Right;
RZ22;10;Trajectory;4;67,0;0;0,2639547;0;0;404,7857;(-51.95, -0.44, 166.20);0;True;False;1;0,04789755;0,00;0,00;0,00;0;0;0;0;0;67,0;52,4;0,0;0,0;4868,6;20;0,00;0,00;False;False;4;Right;
RZ22;10;Trajectory;4;67,1;0;0,2639547;0;0;404,7857;(-51.95, -0.44, 166.20);0;True;False;1;0,04789755;0,00;0,00;0,00;0;0;0;0;0;67,1;52,5;0,0;0,0;4868,6;20;0,00;0,00;False;False;4;Right;
RZ22;10;Trajectory;4;67,2;0;0,2639547;0;0;404,7857;(-51.95, -0.44, 166.20);0;True;False;1;0,04789755;0,00;0,00;0,00;0;0;0;0;0;67,2;52,6;0,0;0,0;4868,6;20;0,00;0,00;False;False;4;Right;
RZ22;10;Trajectory;4;67,3;0;0,2639547;0;0;404,7857;(-51.95, -0.44, 166.20);0;True;False;1;0,04789755;0,00;0,00;0,00;0;0;0;0;0;67,3;52,7;0,0;0,0;4868,6;20;0,00;0,00;False;False;4;Right;
RZ22;10;Trajectory;4;67,4;0;0,2639547;0;0;404,7857;(-51.95, -0.44, 166.20);0;True;False;1;0,04789755;0,00;0,00;0,00;0;0;0;0;0;67,4;52,8;0,0;0,0;4868,6;20;0,00;0,00;False;False;4;Right;
RZ22;10;Trajectory;4;67,5;0;0,2639547;0;0;404,7857;(-51.95, -0.44, 166.20);0;True;False;1;0,04789755;0,00;0,00;0,00;0;0;0;0;0;67,5;52,9;0,0;0,0;4868,6;20;0,00;0,00;False;False;4;Right;
RZ22;10;Trajectory;4;67,6;0;0,2639547;0;0;404,7857;(-51.95, -0.44, 166.20);0;True;False;1;0,04789755;0,00;0,00;0,00;0;0;0;0;0;67,6;53,0;0,0;0,0;4868,6;20;0,00;0,00;False;False;4;Right;
RZ22;10;Trajectory;4;67,7;0;0,2639547;0;0;404,7857;(-51.95, -0.44, 166.20);0;True;False;1;0,04789755;0,00;0,00;0,00;0;0;0;0;0;67,7;53,1;0,0;0,0;4868,6;20;0,00;0,00;False;False;4;Right;
RZ22;10;Trajectory;4;67,8;0;0,2639547;0;0;404,7857;(-51.95, -0.44, 166.20);0;True;False;1;0,04789755;0,00;0,00;0,00;0;0;0;0;0;67,8;53,2;0,0;0,0;4868,6;20;0,00;0,00;False;False;4;Right;
RZ22;10;Trajectory;4;67,9;0;0,2639547;0;0;404,7857;(-51.95, -0.44, 166.20);0;True;False;1;0,04789755;0,00;0,00;0,00;0;0;0;0;0;67,9;53,3;0,0;0,0;4868,6;20;0,00;0,00;False;False;4;Right;
RZ22;10;Trajectory;4;68,0;0;0,2639547;0;0;404,7857;(-51.95, -0.44, 166.20);0;True;False;1;0,04789755;0,00;0,00;0,00;0;0;0;0;0;68,0;53,4;0,0;0,0;4868,6;20;0,00;0,00;False;False;4;Right;
RZ22;10;Trajectory;4;68,1;0;0,2639547;0;0;404,7857;(-51.95, -0.44, 166.20);0;True;False;1;0,04789755;0,00;0,00;0,00;0;0;0;0;0;68,1;53,5;0,0;0,0;4868,6;20;0,00;0,00;False;False;4;Right;
RZ22;10;Trajectory;4;68,2;0;0,2639547;0;0;404,7857;(-51.95, -0.44, 166.20);0;True;False;1;0,04789755;0,00;0,00;0,00;0;0;0;0;0;68,2;53,6;0,0;0,0;4868,6;20;0,00;0,00;False;False;4;Right;
RZ22;10;Trajectory;4;68,3;0;0,2639547;0;0;404,7857;(-51.95, -0.44, 166.20);0;True;False;1;0,04789755;0,00;0,00;0,00;0;0;0;0;0;68,3;53,7;0,0;0,0;4868,6;20;0,00;0,00;False;False;4;Right;
RZ22;10;Trajectory;4;68,4;0;0,2639547;0;0;404,7857;(-51.95, -0.44, 166.20);0;True;False;1;0,04789755;0,00;0,00;0,00;0;0;0;0;0;68,4;53,8;0,0;0,0;4868,6;20;0,00;0,00;False;False;4;Right;
RZ22;10;Trajectory;4;68,5;0;0,2639547;0;0;404,7857;(-51.95, -0.44, 166.20);0;True;False;1;0,04789755;0,00;0,00;0,00;0;0;0;0;0;68,5;53,9;0,0;0,0;4868,6;20;0,00;0,00;False;False;4;Right;
RZ22;10;Trajectory;4;68,6;0;0,2639547;0;0;404,7857;(-51.95, -0.44, 166.20);0;True;False;1;0,04789755;0,00;0,00;0,00;0;0;0;0;0;68,6;54,0;0,0;0,0;4868,6;20;0,00;0,00;False;False;4;Right;
RZ22;10;Trajectory;4;68,7;0;0,2639547;0;0;404,7857;(-51.95, -0.44, 166.20);0;True;False;1;0,04789755;0,00;0,00;0,00;0;0;0;0;0;68,7;54,1;0,0;0,0;4868,6;20;0,00;0,00;False;False;4;Right;
RZ22;10;Trajectory;4;68,8;0;0,2639547;0;0;404,7857;(-51.95, -0.44, 166.20);0;True;False;1;0,04789755;0,00;0,00;0,00;0;0;0;0;0;68,8;54,2;0,0;0,0;4868,6;20;0,00;0,00;False;False;4;Right;
RZ22;10;Trajectory;4;68,9;0;0,2639547;0;0;404,7857;(-51.95, -0.44, 166.20);0;True;False;1;0,04789755;0,00;0,00;0,00;0;0;0;0;0;68,9;54,3;0,0;0,0;4868,6;20;0,00;0,00;False;False;4;Right;
RZ22;10;Trajectory;4;69,0;0;0,2639547;0;0;404,7857;(-51.95, -0.44, 166.20);0;True;False;1;0,04789755;0,00;0,00;0,00;0;0;0;0;0;69,0;54,4;0,0;0,0;4868,6;20;0,00;0,00;False;False;4;Right;
RZ22;10;Trajectory;4;69,1;0;0,2639547;0;0;404,7857;(-51.95, -0.44, 166.20);0;True;False;1;0,04789755;0,00;0,00;0,00;0;0;0;0;0;69,1;54,5;0,0;0,0;4868,6;20;0,00;0,00;False;False;4;Right;
RZ22;10;Trajectory;4;69,2;0;0,2639547;0;0;404,7857;(-51.95, -0.44, 166.20);0;True;False;1;0,04789755;0,00;0,00;0,00;0;0;0;0;0;69,2;54,6;0,0;0,0;4868,6;20;0,00;0,00;False;False;4;Right;
RZ22;10;Trajectory;4;69,3;0;0,2639547;0;0;404,7857;(-51.95, -0.44, 166.20);0;True;False;1;0,04789755;0,00;0,00;0,00;0;0;0;0;0;69,3;54,7;0,0;0,0;4868,6;20;0,00;0,00;False;False;4;Right;
RZ22;10;Trajectory;4;69,4;0;0,2639547;0;0;404,7857;(-51.95, -0.44, 166.20);0;True;False;1;0,04789755;0,00;0,00;0,00;0;0;0;0;0;69,4;54,8;0,0;0,0;4868,6;20;0,00;0,00;False;False;4;Right;
RZ22;10;Trajectory;4;69,5;0;0,2639547;0;0;404,7857;(-51.95, -0.44, 166.20);0;True;False;1;0,04789755;0,00;0,00;0,00;0;0;0;0;0;69,5;54,9;0,0;0,0;4868,6;20;0,00;0,00;False;False;4;Right;
RZ22;10;Trajectory;4;69,6;0;0,2639547;0;0;404,7857;(-51.95, -0.44, 166.20);0;True;False;1;0,04789755;0,00;0,00;0,00;0;0;0;0;0;69,6;55,0;0,0;0,0;4868,6;20;0,00;0,00;False;False;4;Right;
RZ22;10;Trajectory;4;69,7;0;0,2639547;0;0;404,7857;(-51.95, -0.44, 166.20);0;True;False;1;0,04789755;0,00;0,00;0,00;0;0;0;0;0;69,7;55,1;0,0;0,0;4868,6;20;0,00;0,00;False;False;4;Right;
RZ22;10;Trajectory;4;69,8;0;0,2639547;0;0;404,7857;(-51.95, -0.44, 166.20);0;True;False;1;0,04789755;0,00;0,00;0,00;0;0;0;0;0;69,8;55,2;0,0;0,0;4868,6;20;0,00;0,00;False;False;4;Right;
RZ22;10;Trajectory;4;69,9;0;0,2639547;0;0;404,7857;(-51.95, -0.44, 166.20);0;True;False;1;0,04789755;0,00;0,00;0,00;0;0;0;0;0;69,9;55,3;0,0;0,0;4868,6;20;0,00;0,00;False;False;4;Right;
RZ22;10;Trajectory;4;70,0;0;0,2639547;0;0;404,7857;(-51.95, -0.44, 166.20);0;True;False;1;0,04789755;0,00;0,00;0,00;0;0;0;0;0;70,0;55,4;0,0;0,0;4868,6;20;0,00;0,00;False;False;4;Right;
RZ22;10;Trajectory;4;70,1;0;0,2639547;0;0;404,7857;(-51.95, -0.44, 166.20);0;True;False;1;0,04789755;0,00;0,00;0,00;0;0;0;0;0;70,1;55,5;0,0;0,0;4868,6;20;0,00;0,00;False;False;4;Right;
RZ22;10;Trajectory;4;70,2;6,975447E-05;0,2639489;0;0;404,7857;(-51.95, -0.44, 166.20);0;True;False;1;0,04793629;0,00;0,00;0,00;0;0;0;0;0;70,2;55,6;0,0;0,0;4868,6;20;0,00;0,00;False;False;4;Right;
RZ22;10;Trajectory;4;70,3;6,975447E-05;0,2639547;0;0;404,7857;(-51.95, -0.44, 166.20);0;True;False;1;0,04789755;0,00;0,00;0,00;0;0;0;0;0;70,3;55,7;0,0;0,0;4868,6;20;0,00;0,00;False;False;4;Right;
RZ22;10;Trajectory;4;70,4;6,975447E-05;0,2639605;0;0;404,7857;(-51.95, -0.44, 166.20);0;True;False;1;0,04785888;0,00;0,00;0,00;0;0;0;0;0;70,4;55,8;0,0;0,0;4868,6;20;0,00;0,00;False;False;4;Right;
RZ22;10;Trajectory;4;70,5;0;0,2639605;0;0;404,7857;(-51.95, -0.44, 166.20);0;True;False;1;0,04785888;0,00;0,00;0,00;0;0;0;0;0;70,5;55,9;0,0;0,0;4868,6;20;0,00;0,00;False;False;4;Right;
RZ22;10;Trajectory;4;70,6;6,975447E-05;0,2639547;0;0;404,7857;(-51.95, -0.44, 166.20);0;True;False;1;0,04789755;0,00;0,00;0,00;0;0;0;0;0;70,6;56,0;0,0;0,0;4868,6;20;0,00;0,00;False;False;4;Right;
RZ22;10;Trajectory;4;70,7;0;0,2639547;0;0;404,7857;(-51.95, -0.44, 166.20);0;True;False;1;0,04789755;0,00;0,00;0,00;0;0;0;0;0;70,7;56,1;0,0;0,0;4868,6;20;0,00;0,00;False;False;4;Right;
RZ22;10;Trajectory;4;70,8;0;0,2639547;0;0;404,7857;(-51.95, -0.44, 166.20);0;True;False;1;0,04789755;0,00;0,00;0,00;0;0;0;0;0;70,8;56,2;0,0;0,0;4868,6;20;0,00;0,00;False;False;4;Right;
RZ22;10;Trajectory;4;70,9;6,975447E-05;0,2639489;0;0;404,7857;(-51.95, -0.44, 166.20);0;True;False;1;0,04793629;0,00;0,00;0,00;0;0;0;0;0;70,9;56,3;0,0;0,0;4868,6;20;0,00;0,00;False;False;4;Right;
RZ22;10;Trajectory;4;71,0;6,975447E-05;0,2639547;0;0;404,7857;(-51.95, -0.44, 166.20);0;True;False;1;0,04789755;0,00;0,00;0,00;0;0;0;0;0;71,0;56,4;0,0;0,0;4868,6;20;0,00;0,00;False;False;4;Right;
RZ22;10;Trajectory;4;71,1;0;0,2639547;0;0;404,7857;(-51.95, -0.44, 166.20);0;True;False;1;0,04789755;0,00;0,00;0,00;0;0;0;0;0;71,1;56,5;0,0;0,0;4868,6;20;0,00;0,00;False;False;4;Right;
RZ22;10;Trajectory;4;71,2;0;0,2639547;0;0;404,7857;(-51.95, -0.44, 166.20);0;True;False;1;0,04789755;0,00;0,00;0,00;0;0;0;0;0;71,2;56,6;0,0;0,0;4868,6;20;0,00;0,00;False;False;4;Right;
RZ22;10;Trajectory;4;71,3;0;0,2639547;0;0;404,7857;(-51.95, -0.44, 166.20);0;True;False;1;0,04789755;0,00;0,00;0,00;0;0;0;0;0;71,3;56,7;0,0;0,0;4868,6;20;0,00;0,00;False;False;4;Right;
RZ22;10;Trajectory;4;71,4;0;0,2639547;0;0;404,7857;(-51.95, -0.44, 166.20);0;True;False;1;0,04789755;0,00;0,00;0,00;0;0;0;0;0;71,4;56,8;0,0;0,0;4868,6;20;0,00;0,00;False;False;4;Right;
RZ22;10;Trajectory;4;71,5;0;0,2639547;0;0;404,7857;(-51.95, -0.44, 166.20);0;True;False;1;0,04789755;0,00;0,00;0,00;0;0;0;0;0;71,5;56,9;0,0;0,0;4868,6;20;0,00;0,00;False;False;4;Right;
RZ22;10;Trajectory;4;71,6;0;0,2639547;0;0;404,7857;(-51.95, -0.44, 166.20);0;True;False;1;0,04789755;0,00;0,00;0,00;0;0;0;0;0;71,6;57,0;0,0;0,0;4868,6;20;0,00;0,00;False;False;4;Right;
RZ22;10;Trajectory;4;71,7;6,975447E-05;0,2639489;0;0;404,7857;(-51.95, -0.44, 166.20);0;True;False;1;0,04793629;0,00;0,00;0,00;0;0;0;0;0;71,7;57,1;0,0;0,0;4868,6;20;0,00;0,00;False;False;4;Right;
RZ22;10;Trajectory;4;71,8;6,975447E-05;0,2639547;0;0;404,7857;(-51.95, -0.44, 166.20);0;True;False;1;0,04789755;0,00;0,00;0,00;0;0;0;0;0;71,8;57,2;0,0;0,0;4868,6;20;0,00;0,00;False;False;4;Right;
RZ22;10;Trajectory;4;71,9;6,975447E-05;0,2639489;0;0;404,7857;(-51.95, -0.44, 166.20);0;True;False;1;0,04793629;0,00;0,00;0,00;0;0;0;0;0;71,9;57,3;0,0;0,0;4868,6;20;0,00;0,00;False;False;4;Right;
RZ22;10;Trajectory;4;72,0;0;0,2639489;0;0;404,7857;(-51.95, -0.44, 166.20);0;True;False;1;0,04793629;0,00;0,00;0,00;0;0;0;0;0;72,0;57,4;0,0;0,0;4868,6;20;0,00;0,00;False;False;4;Right;
RZ22;10;Trajectory;4;72,1;6,975447E-05;0,2639547;0;0;404,7857;(-51.95, -0.44, 166.20);0;True;False;1;0,04789755;0,00;0,00;0,00;0;0;0;0;0;72,1;57,5;0,0;0,0;4868,6;20;0,00;0,00;False;False;4;Right;
RZ22;10;Trajectory;4;72,2;0;0,2639547;0;0;404,7857;(-51.95, -0.44, 166.20);0;True;False;1;0,04789755;0,00;0,00;0,00;0;0;0;0;0;72,2;57,6;0,0;0,0;4868,6;20;0,00;0,00;False;False;4;Right;
RZ22;10;Trajectory;4;72,3;6,975447E-05;0,2639605;0;0;404,7857;(-51.95, -0.44, 166.20);0;True;False;1;0,04785888;0,00;0,00;0,00;0;0;0;0;0;72,3;57,7;0,0;0,0;4868,6;20;0,00;0,00;False;False;4;Right;
RZ22;10;Trajectory;4;72,4;6,975447E-05;0,2639547;0;0;404,7857;(-51.95, -0.44, 166.20);0;True;False;1;0,04789755;0,00;0,00;0,00;0;0;0;0;0;72,4;57,8;0,0;0,0;4868,6;20;0,00;0,00;False;False;4;Right;
RZ22;10;Trajectory;4;72,5;0;0,2639547;0;0;404,7857;(-51.95, -0.44, 166.20);0;True;False;1;0,04789755;0,00;0,00;0,00;0;0;0;0;0;72,5;57,9;0,0;0,0;4868,6;20;0,00;0,00;False;False;4;Right;
RZ22;10;Trajectory;4;72,6;0;0,2639547;0;0;404,7857;(-51.95, -0.44, 166.20);0;True;False;1;0,04789755;0,00;0,00;0,00;0;0;0;0;0;72,6;58,0;0,0;0,0;4868,6;20;0,00;0,00;False;False;4;Right;
RZ22;10;Trajectory;4;72,7;0;0,2639547;0;0;404,7857;(-51.95, -0.44, 166.20);0;True;False;1;0,04789755;0,00;0,00;0,00;0;0;0;0;0;72,7;58,1;0,0;0,0;4868,6;20;0,00;0,00;False;False;4;Right;
RZ22;10;Trajectory;4;72,8;6,975447E-05;0,2639489;0;0;404,7857;(-51.95, -0.44, 166.20);0;True;False;1;0,04793629;0,00;0,00;0,00;0;0;0;0;0;72,8;58,2;0,0;0,0;4868,6;20;0,00;0,00;False;False;4;Right;
RZ22;10;Trajectory;4;72,9;0;0,2639489;0;0;404,7857;(-51.95, -0.44, 166.20);0;True;False;1;0,04793629;0,00;0,00;0,00;0;0;0;0;0;72,9;58,3;0,0;0,0;4868,6;20;0,00;0,00;False;False;4;Right;
RZ22;10;Trajectory;4;73,0;6,975447E-05;0,2639547;0;0;404,7857;(-51.95, -0.44, 166.20);0;True;False;1;0,04789755;0,00;0,00;0,00;0;0;0;0;0;73,0;58,4;0,0;0,0;4868,6;20;0,00;0,00;False;False;4;Right;
RZ22;10;Trajectory;4;73,1;0;0,2639547;0;0;404,7857;(-51.95, -0.44, 166.20);0;True;False;1;0,04789755;0,00;0,00;0,00;0;0;0;0;0;73,1;58,5;0,0;0,0;4868,6;20;0,00;0,00;False;False;4;Right;
RZ22;10;Trajectory;4;73,2;0;0,2639547;0;0;404,7857;(-51.95, -0.44, 166.20);0;True;False;1;0,04789755;0,00;0,00;0,00;0;0;0;0;0;73,2;58,6;0,0;0,0;4868,6;20;0,00;0,00;False;False;4;Right;
RZ22;10;Trajectory;4;73,3;0;0,2639547;0;0;404,7857;(-51.95, -0.44, 166.20);0;True;False;1;0,04789755;0,00;0,00;0,00;0;0;0;0;0;73,3;58,7;0,0;0,0;4868,6;20;0,00;0,00;False;False;4;Right;
RZ22;10;Trajectory;4;73,4;0;0,2639547;0;0;404,7857;(-51.95, -0.44, 166.20);0;True;False;1;0,04789755;0,00;0,00;0,00;0;0;0;0;0;73,4;58,8;0,0;0,0;4868,6;20;0,00;0,00;False;False;4;Right;
RZ22;10;Trajectory;4;73,5;6,975447E-05;0,2639489;0;0;404,7857;(-51.95, -0.44, 166.20);0;True;False;1;0,04793629;0,00;0,00;0,00;0;0;0;0;0;73,5;58,9;0,0;0,0;4868,6;20;0,00;0,00;False;False;4;Right;
RZ22;10;Trajectory;4;73,6;6,975447E-05;0,2639547;0;0;404,7857;(-51.95, -0.44, 166.20);0;True;False;1;0,04789755;0,00;0,00;0,00;0;0;0;0;0;73,6;59,0;0,0;0,0;4868,6;20;0,00;0,00;False;False;4;Right;
RZ22;10;Trajectory;4;73,7;0;0,2639547;0;0;404,7857;(-51.95, -0.44, 166.20);0;True;False;1;0,04789755;0,00;0,00;0,00;0;0;0;0;0;73,7;59,1;0,0;0,0;4868,6;20;0,00;0,00;False;False;4;Right;
RZ22;10;Trajectory;4;73,8;0;0,2639547;0;0;404,7857;(-51.95, -0.44, 166.20);0;True;False;1;0,04789755;0,00;0,00;0,00;0;0;0;0;0;73,8;59,2;0,0;0,0;4868,6;20;0,00;0,00;False;False;4;Right;
RZ22;10;Trajectory;4;73,9;0;0,2639547;0;0;404,7857;(-51.95, -0.44, 166.20);0;True;False;1;0,04789755;0,00;0,00;0,00;0;0;0;0;0;73,9;59,3;0,0;0,0;4868,6;20;0,00;0,00;False;False;4;Right;
RZ22;10;Trajectory;4;74,0;0;0,2639547;0;0;404,7857;(-51.95, -0.44, 166.20);0;True;False;1;0,04789755;0,00;0,00;0,00;0;0;0;0;0;74,0;59,4;0,0;0,0;4868,6;20;0,00;0,00;False;False;4;Right;
RZ22;10;Trajectory;4;74,1;0;0,2639547;0;0;404,7857;(-51.95, -0.44, 166.20);0;True;False;1;0,04789755;0,00;0,00;0,00;0;0;0;0;0;74,1;59,5;0,0;0,0;4868,6;20;0,00;0,00;False;False;4;Right;
RZ22;10;Trajectory;4;74,2;0;0,2639547;0;0;404,7857;(-51.95, -0.44, 166.20);0;True;False;1;0,04789755;0,00;0,00;0,00;0;0;0;0;0;74,2;59,6;0,0;0,0;4868,6;20;0,00;0,00;False;False;4;Right;
RZ22;10;Trajectory;4;74,3;0;0,2639547;0;0;404,7857;(-51.95, -0.44, 166.20);0;True;False;1;0,04789755;0,00;0,00;0,00;0;0;0;0;0;74,3;59,7;0,0;0,0;4868,6;20;0,00;0,00;False;False;4;Right;
RZ22;10;Trajectory;4;74,4;0;0,2639547;0;0;404,7857;(-51.95, -0.44, 166.20);0;True;False;1;0,04789755;0,00;0,00;0,00;0;0;0;0;0;74,4;59,8;0,0;0,0;4868,6;20;0,00;0,00;False;False;4;Right;
RZ22;10;Trajectory;4;74,5;0;0,2639547;0;0;404,7857;(-51.95, -0.44, 166.20);0;True;False;1;0,04789755;0,00;0,00;0,00;0;0;0;0;0;74,5;59,9;0,0;0,0;4868,6;20;0,00;0,00;False;False;4;Right;
RZ22;10;Trajectory;4;74,6;0;0,2639547;0;0;404,7857;(-51.95, -0.44, 166.20);0;True;False;1;0,04789755;0,00;0,00;0,00;0;0;0;0;0;74,6;60,0;0,0;0,0;4868,6;20;0,00;0,00;False;False;4;Right;
RZ22;10;Trajectory;4;74,7;0;0,2639547;0;0;404,7857;(-51.95, -0.44, 166.20);0;True;False;1;0,04789755;0,00;0,00;0,00;0;0;0;0;0;74,7;60,1;0,0;0,0;4868,6;20;0,00;0,00;False;False;4;Right;
RZ22;10;Trajectory;4;74,8;0;0,2639547;0;0;404,7857;(-51.95, -0.44, 166.20);0;True;False;1;0,04789755;0,00;0,00;0,00;0;0;0;0;0;74,8;60,2;0,0;0,0;4868,6;20;0,00;0,00;False;False;4;Right;
RZ22;10;Trajectory;4;74,9;0;0,2639547;0;0;404,7857;(-51.95, -0.44, 166.20);0;True;False;1;0,04789755;0,00;0,00;0,00;0;0;0;0;0;74,9;60,3;0,0;0,0;4868,6;20;0,00;0,00;False;False;4;Right;
RZ22;10;Trajectory;4;75,0;0;0,2639547;0;0;404,7857;(-51.95, -0.44, 166.20);0;True;False;1;0,04789755;0,00;0,00;0,00;0;0;0;0;0;75,0;60,4;0,0;0,0;4868,6;20;0,00;0,00;False;False;4;Right;
RZ22;10;Trajectory;4;75,1;0;0,2639547;0;0;404,7857;(-51.95, -0.44, 166.20);0;True;False;1;0,04789755;0,00;0,00;0,00;0;0;0;0;0;75,1;60,5;0,0;0,0;4868,6;20;0,00;0,00;False;False;4;Right;
RZ22;10;Trajectory;4;75,2;0;0,2639547;0;0;404,7857;(-51.95, -0.44, 166.20);0;True;False;1;0,04789755;0,00;0,00;0,00;0;0;0;0;0;75,2;60,6;0,0;0,0;4868,6;20;0,00;0,00;False;False;4;Right;
RZ22;10;Trajectory;4;75,3;0;0,2639547;0;0;404,7857;(-51.95, -0.44, 166.20);0;True;False;1;0,04789755;0,00;0,00;0,00;0;0;0;0;0;75,3;60,7;0,0;0,0;4868,6;20;0,00;0,00;False;False;4;Right;
RZ22;10;Trajectory;4;75,4;0;0,2639547;0;0;404,7857;(-51.95, -0.44, 166.20);0;True;False;1;0,04789755;0,00;0,00;0,00;0;0;0;0;0;75,4;60,8;0,0;0,0;4868,6;20;0,00;0,00;False;False;4;Right;
RZ22;10;Trajectory;4;75,5;0;0,2639547;0;0;404,7857;(-51.95, -0.44, 166.20);0;True;False;1;0,04789755;0,00;0,00;0,00;0;0;0;0;0;75,5;60,9;0,0;0,0;4868,6;20;0,00;0,00;False;False;4;Right;
RZ22;10;Trajectory;4;75,6;0;0,2639547;0;0;404,7857;(-51.95, -0.44, 166.20);0;True;False;1;0,04789755;0,00;0,00;0,00;0;0;0;0;0;75,6;61,0;0,0;0,0;4868,6;20;0,00;0,00;False;False;4;Right;
RZ22;10;Trajectory;4;75,7;0;0,2639547;0;0;404,7857;(-51.95, -0.44, 166.20);0;True;False;1;0,04789755;0,00;0,00;0,00;0;0;0;0;0;75,7;61,1;0,0;0,0;4868,6;20;0,00;0,00;False;False;4;Right;
RZ22;10;Trajectory;4;75,8;0;0,2639547;0;0;404,7857;(-51.95, -0.44, 166.20);0;True;False;1;0,04789755;0,00;0,00;0,00;0;0;0;0;0;75,8;61,2;0,0;0,0;4868,6;20;0,00;0,00;False;False;4;Right;
RZ22;10;Trajectory;4;75,9;0;0,2639547;0;0;404,7857;(-51.95, -0.44, 166.20);0;True;False;1;0,04789755;0,00;0,00;0,00;0;0;0;0;0;75,9;61,3;0,0;0,0;4868,6;20;0,00;0,00;False;False;4;Right;
RZ22;10;Trajectory;4;76,0;0;0,2639547;0;0;404,7857;(-51.95, -0.44, 166.20);0;True;False;1;0,04789755;0,00;0,00;0,00;0;0;0;0;0;76,0;61,4;0,0;0,0;4868,6;20;0,00;0,00;False;False;4;Right;
RZ22;10;Trajectory;4;76,1;0;0,2639547;0;0;404,7857;(-51.95, -0.44, 166.20);0;True;False;1;0,04789755;0,00;0,00;0,00;0;0;0;0;0;76,1;61,5;0,0;0,0;4868,6;20;0,00;0,00;False;False;4;Right;
RZ22;10;Trajectory;4;76,2;0;0,2639547;0;0;404,7857;(-51.95, -0.44, 166.20);0;True;False;1;0,04789755;0,00;0,00;0,00;0;0;0;0;0;76,2;61,6;0,0;0,0;4868,6;20;0,00;0,00;False;False;4;Right;
RZ22;10;Trajectory;4;76,3;0;0,2639547;0;0;404,7857;(-51.95, -0.44, 166.20);0;True;False;1;0,04789755;0,00;0,00;0,00;0;0;0;0;0;76,3;61,7;0,0;0,0;4868,6;20;0,00;0,00;False;False;4;Right;
RZ22;10;Trajectory;4;76,4;0;0,2639547;0;0;404,7857;(-51.95, -0.44, 166.20);0;True;False;1;0,04789755;0,00;0,00;0,00;0;0;0;0;0;76,4;61,8;0,0;0,0;4868,6;20;0,00;0,00;False;False;4;Right;
RZ22;10;Trajectory;4;76,5;0;0,2639547;0;0;404,7857;(-51.95, -0.44, 166.20);0;True;False;1;0,04789755;0,00;0,00;0,00;0;0;0;0;0;76,5;61,9;0,0;0,0;4868,6;20;0,00;0,00;False;False;4;Right;
RZ22;10;Trajectory;4;76,6;0;0,2639547;0;0;404,7857;(-51.95, -0.44, 166.20);0;True;False;1;0,04789755;0,00;0,00;0,00;0;0;0;0;0;76,6;62,0;0,0;0,0;4868,6;20;0,00;0,00;False;False;4;Right;
RZ22;10;Trajectory;4;76,7;6,975447E-05;0,2639489;0;0;404,7857;(-51.95, -0.44, 166.20);0;True;False;1;0,04793629;0,00;0,00;0,00;0;0;0;0;0;76,7;62,1;0,0;0,0;4868,6;20;0,00;0,00;False;False;4;Right;
RZ22;10;Trajectory;4;76,8;6,975447E-05;0,2639547;0;0;404,7857;(-51.95, -0.44, 166.20);0;True;False;1;0,04789755;0,00;0,00;0,00;0;0;0;0;0;76,8;62,2;0,0;0,0;4868,6;20;0,00;0,00;False;False;4;Right;
RZ22;10;Trajectory;4;76,9;0;0,2639547;0;0;404,7857;(-51.95, -0.44, 166.20);0;True;False;1;0,04789755;0,00;0,00;0,00;0;0;0;0;0;76,9;62,3;0,0;0,0;4868,6;20;0,00;0,00;False;False;4;Right;
RZ22;10;Trajectory;4;77,0;0;0,2639547;0;0;404,7857;(-51.95, -0.44, 166.20);0;True;False;1;0,04789755;0,00;0,00;0,00;0;0;0;0;0;77,0;62,4;0,0;0,0;4868,6;20;0,00;0,00;False;False;4;Right;
RZ22;10;Trajectory;4;77,1;0;0,2639547;0;0;404,7857;(-51.95, -0.44, 166.20);0;True;False;1;0,04789755;0,00;0,00;0,00;0;0;0;0;0;77,1;62,5;0,0;0,0;4868,6;20;0,00;0,00;False;False;4;Right;
RZ22;10;Trajectory;4;77,2;0;0,2639547;0;0;404,7857;(-51.95, -0.44, 166.20);0;True;False;1;0,04789755;0,00;0,00;0,00;0;0;0;0;0;77,2;62,6;0,0;0,0;4868,6;20;0,00;0,00;False;False;4;Right;
RZ22;10;Trajectory;4;77,3;0;0,2639547;0;0;404,7857;(-51.95, -0.44, 166.20);0;True;False;1;0,04789755;0,00;0,00;0,00;0;0;0;0;0;77,3;62,7;0,0;0,0;4868,6;20;0,00;0,00;False;False;4;Right;
RZ22;10;Trajectory;4;77,4;0;0,2639547;0;0;404,7857;(-51.95, -0.44, 166.20);0;True;False;1;0,04789755;0,00;0,00;0,00;0;0;0;0;0;77,4;62,8;0,0;0,0;4868,6;20;0,00;0,00;False;False;4;Right;
RZ22;10;Trajectory;4;77,5;0;0,2639547;0;0;404,7857;(-51.95, -0.44, 166.20);0;True;False;1;0,04789755;0,00;0,00;0,00;0;0;0;0;0;77,5;62,9;0,0;0,0;4868,6;20;0,00;0,00;False;False;4;Right;
RZ22;10;Trajectory;4;77,6;0;0,2639547;0;0;404,7857;(-51.95, -0.44, 166.20);0;True;False;1;0,04789755;0,00;0,00;0,00;0;0;0;0;0;77,6;63,0;0,0;0,0;4868,6;20;0,00;0,00;False;False;4;Right;
RZ22;10;Trajectory;4;77,7;0;0,2639547;0;0;404,7857;(-51.95, -0.44, 166.20);0;True;False;1;0,04789755;0,00;0,00;0,00;0;0;0;0;0;77,7;63,1;0,0;0,0;4868,6;20;0,00;0,00;False;False;4;Right;
RZ22;10;Trajectory;4;77,8;0;0,2639547;0;0;404,7857;(-51.95, -0.44, 166.20);0;True;False;1;0,04789755;0,00;0,00;0,00;0;0;0;0;0;77,8;63,2;0,0;0,0;4868,6;20;0,00;0,00;False;False;4;Right;
RZ22;10;Trajectory;4;77,9;0;0,2639547;0;0;404,7857;(-51.95, -0.44, 166.20);0;True;False;1;0,04789755;0,00;0,00;0,00;0;0;0;0;0;77,9;63,3;0,0;0,0;4868,6;20;0,00;0,00;False;False;4;Right;
RZ22;10;Trajectory;4;78,0;0;0,2639547;0;0;404,7857;(-51.95, -0.44, 166.20);0;True;False;1;0,04789755;0,00;0,00;0,00;0;0;0;0;0;78,0;63,4;0,0;0,0;4868,6;20;0,00;0,00;False;False;4;Right;
RZ22;10;Trajectory;4;78,1;0;0,2639547;0;0;404,7857;(-51.95, -0.44, 166.20);0;True;False;1;0,04789755;0,00;0,00;0,00;0;0;0;0;0;78,1;63,5;0,0;0,0;4868,6;20;0,00;0,00;False;False;4;Right;
RZ22;10;Trajectory;4;78,2;0;0,2639547;0;0;404,7857;(-51.95, -0.44, 166.20);0;True;False;1;0,04789755;0,00;0,00;0,00;0;0;0;0;0;78,2;63,6;0,0;0,0;4868,6;20;0,00;0,00;False;False;4;Right;
RZ22;10;Trajectory;4;78,3;0;0,2639547;0;0;404,7857;(-51.95, -0.44, 166.20);0;True;False;1;0,04789755;0,00;0,00;0,00;0;0;0;0;0;78,3;63,7;0,0;0,0;4868,6;20;0,00;0,00;False;False;4;Right;
RZ22;10;Trajectory;4;78,4;0;0,2639547;0;0;404,7857;(-51.95, -0.44, 166.20);0;True;False;1;0,04789755;0,00;0,00;0,00;0;0;0;0;0;78,4;63,8;0,0;0,0;4868,6;20;0,00;0,00;False;False;4;Right;
RZ22;10;Trajectory;4;78,5;0;0,2639547;0;0;404,7857;(-51.95, -0.44, 166.20);0;True;False;1;0,04789755;0,00;0,00;0,00;0;0;0;0;0;78,5;63,9;0,0;0,0;4868,6;20;0,00;0,00;False;False;4;Right;
RZ22;10;Trajectory;4;78,6;0;0,2639547;0;0;404,7857;(-51.95, -0.44, 166.20);0;True;False;1;0,04789755;0,00;0,00;0,00;0;0;0;0;0;78,6;64,0;0,0;0,0;4868,6;20;0,00;0,00;False;False;4;Right;
RZ22;10;Trajectory;4;78,7;0;0,2639547;0;0;404,7857;(-51.95, -0.44, 166.20);0;True;False;1;0,04789755;0,00;0,00;0,00;0;0;0;0;0;78,7;64,1;0,0;0,0;4868,6;20;0,00;0,00;False;False;4;Right;
RZ22;10;Trajectory;4;78,8;0;0,2639547;0;0;404,7857;(-51.95, -0.44, 166.20);0;True;False;1;0,04789755;0,00;0,00;0,00;0;0;0;0;0;78,8;64,2;0,0;0,0;4868,6;20;0,00;0,00;False;False;4;Right;
RZ22;10;Trajectory;4;78,9;0;0,2639547;0;0;404,7857;(-51.95, -0.44, 166.20);0;True;False;1;0,04789755;0,00;0,00;0,00;0;0;0;0;0;78,9;64,3;0,0;0,0;4868,6;20;0,00;0,00;False;False;4;Right;
RZ22;10;Trajectory;4;79,0;0;0,2639547;0;0;404,7857;(-51.95, -0.44, 166.20);0;True;False;1;0,04789755;0,00;0,00;0,00;0;0;0;0;0;79,0;64,4;0,0;0,0;4868,6;20;0,00;0,00;False;False;4;Right;
RZ22;10;Trajectory;4;79,1;0;0,2639547;0;0;404,7857;(-51.95, -0.44, 166.20);0;True;False;1;0,04789755;0,00;0,00;0,00;0;0;0;0;0;79,1;64,5;0,0;0,0;4868,6;20;0,00;0,00;False;False;4;Right;
RZ22;10;Trajectory;4;79,2;0;0,2639547;0;0;404,7857;(-51.95, -0.44, 166.20);0;True;False;1;0,04789755;0,00;0,00;0,00;0;0;0;0;0;79,2;64,6;0,0;0,0;4868,6;20;0,00;0,00;False;False;4;Right;
RZ22;10;Trajectory;4;79,3;0;0,2639547;0;0;404,7857;(-51.95, -0.44, 166.20);0;True;False;1;0,04789755;0,00;0,00;0,00;0;0;0;0;0;79,3;64,7;0,0;0,0;4868,6;20;0,00;0,00;False;False;4;Right;
RZ22;10;Trajectory;4;79,4;0;0,2639547;0;0;404,7857;(-51.95, -0.44, 166.20);0;True;False;1;0,04789755;0,00;0,00;0,00;0;0;0;0;0;79,4;64,8;0,0;0,0;4868,6;20;0,00;0,00;False;False;4;Right;
RZ22;10;Trajectory;4;79,5;0;0,2639547;0;0;404,7857;(-51.95, -0.44, 166.20);0;True;False;1;0,04789755;0,00;0,00;0,00;0;0;0;0;0;79,5;64,9;0,0;0,0;4868,6;20;0,00;0,00;False;False;4;Right;
RZ22;10;Trajectory;4;79,6;0;0,2639547;0;0;404,7857;(-51.95, -0.44, 166.20);0;True;False;1;0,04789755;0,00;0,00;0,00;0;0;0;0;0;79,6;65,0;0,0;0,0;4868,6;20;0,00;0,00;False;False;4;Right;
RZ22;10;Trajectory;4;79,7;0;0,2639547;0;0;404,7857;(-51.95, -0.44, 166.20);0;True;False;1;0,04789755;0,00;0,00;0,00;0;0;0;0;0;79,7;65,1;0,0;0,0;4868,6;20;0,00;0,00;False;False;4;Right;
RZ22;10;Trajectory;4;79,8;0;0,2639547;0;0;404,7857;(-51.95, -0.44, 166.20);0;True;False;1;0,04789755;0,00;0,00;0,00;0;0;0;0;0;79,8;65,2;0,0;0,0;4868,6;20;0,00;0,00;False;False;4;Right;
RZ22;10;Trajectory;4;79,9;0;0,2639547;0;0;404,7857;(-51.95, -0.44, 166.20);0;True;False;1;0,04789755;0,00;0,00;0,00;0;0;0;0;0;79,9;65,3;0,0;0,0;4868,6;20;0,00;0,00;False;False;4;Right;
RZ22;10;Trajectory;4;80,0;0;0,2639547;0;0;404,7857;(-51.95, -0.44, 166.20);0;True;False;1;0,04789755;0,00;0,00;0,00;0;0;0;0;0;80,0;65,4;0,0;0,0;4868,6;20;0,00;0,00;False;False;4;Right;
RZ22;10;Trajectory;4;80,1;0;0,2639547;0;0;404,7857;(-51.95, -0.44, 166.20);0;True;False;1;0,04789755;0,00;0,00;0,00;0;0;0;0;0;80,1;65,5;0,0;0,0;4868,6;20;0,00;0,00;False;False;4;Right;
RZ22;10;Trajectory;4;80,2;0;0,2639547;0;0;404,7857;(-51.95, -0.44, 166.20);0;True;False;1;0,04789755;0,00;0,00;0,00;0;0;0;0;0;80,2;65,6;0,0;0,0;4868,6;20;0,00;0,00;False;False;4;Right;
RZ22;10;Trajectory;4;80,3;0;0,2639547;0;0;404,7857;(-51.95, -0.44, 166.20);0;True;False;1;0,04789755;0,00;0,00;0,00;0;0;0;0;0;80,3;65,7;0,0;0,0;4868,6;20;0,00;0,00;False;False;4;Right;
RZ22;10;Trajectory;4;80,4;0;0,2639547;0;0;404,7857;(-51.95, -0.44, 166.20);0;True;False;1;0,04789755;0,00;0,00;0,00;0;0;0;0;0;80,4;65,8;0,0;0,0;4868,6;20;0,00;0,00;False;False;4;Right;
RZ22;10;Trajectory;4;80,5;0;0,2639547;0;0;404,7857;(-51.95, -0.44, 166.20);0;True;False;1;0,04789755;0,00;0,00;0,00;0;0;0;0;0;80,5;65,9;0,0;0,0;4868,6;20;0,00;0,00;False;False;4;Right;
RZ22;10;Trajectory;4;80,6;0;0,2639547;0;0;404,7857;(-51.95, -0.44, 166.20);0;True;False;1;0,04789755;0,00;0,00;0,00;0;0;0;0;0;80,6;66,0;0,0;0,0;4868,6;20;0,00;0,00;False;False;4;Right;
RZ22;10;Trajectory;4;80,7;0;0,2639547;0;0;404,7857;(-51.95, -0.44, 166.20);0;True;False;1;0,04789755;0,00;0,00;0,00;0;0;0;0;0;80,7;66,1;0,0;0,0;4868,6;20;0,00;0,00;False;False;4;Right;
RZ22;10;Trajectory;4;80,8;0;0,2639547;0;0;404,7857;(-51.95, -0.44, 166.20);0;True;False;1;0,04789755;0,00;0,00;0,00;0;0;0;0;0;80,8;66,2;0,0;0,0;4868,6;20;0,00;0,00;False;False;4;Right;
RZ22;10;Trajectory;4;80,9;0;0,2639547;0;0;404,7857;(-51.95, -0.44, 166.20);0;True;False;1;0,04789755;0,00;0,00;0,00;0;0;0;0;0;80,9;66,3;0,0;0,0;4868,6;20;0,00;0,00;False;False;4;Right;
RZ22;10;Trajectory;4;81,0;0;0,2639547;0;0;404,7857;(-51.95, -0.44, 166.20);0;True;False;1;0,04789755;0,00;0,00;0,00;0;0;0;0;0;81,0;66,4;0,0;0,0;4868,6;20;0,00;0,00;False;False;4;Right;
RZ22;10;Trajectory;4;81,1;0;0,2639547;0;0;404,7857;(-51.95, -0.44, 166.20);0;True;False;1;0,04789755;0,00;0,00;0,00;0;0;0;0;0;81,1;66,5;0,0;0,0;4868,6;20;0,00;0,00;False;False;4;Right;
RZ22;10;Trajectory;4;81,2;0;0,2639547;0;0;404,7857;(-51.95, -0.44, 166.20);0;True;False;1;0,04789755;0,00;0,00;0,00;0;0;0;0;0;81,2;66,6;0,0;0,0;4868,6;20;0,00;0,00;False;False;4;Right;
RZ22;10;Trajectory;4;81,3;0;0,2639547;0;0;404,7857;(-51.95, -0.44, 166.20);0;True;False;1;0,04789755;0,00;0,00;0,00;0;0;0;0;0;81,3;66,7;0,0;0,0;4868,6;20;0,00;0,00;False;False;4;Right;
RZ22;10;Trajectory;4;81,4;0;0,2639547;0;0;404,7857;(-51.95, -0.44, 166.20);0;True;False;1;0,04789755;0,00;0,00;0,00;0;0;0;0;0;81,4;66,8;0,0;0,0;4868,6;20;0,00;0,00;False;False;4;Right;
RZ22;10;Trajectory;4;81,5;0;0,2639547;0;0;404,7857;(-51.95, -0.44, 166.20);0;True;False;1;0,04789755;0,00;0,00;0,00;0;0;0;0;0;81,5;66,9;0,0;0,0;4868,6;20;0,00;0,00;False;False;4;Right;
RZ22;10;Trajectory;4;81,6;0;0,2639547;0;0;404,7857;(-51.95, -0.44, 166.20);0;True;False;1;0,04789755;0,00;0,00;0,00;0;0;0;0;0;81,6;67,0;0,0;0,0;4868,6;20;0,00;0,00;False;False;4;Right;
RZ22;10;Trajectory;4;81,7;0;0,2639547;0;0;404,7857;(-51.95, -0.44, 166.20);0;True;False;1;0,04789755;0,00;0,00;0,00;0;0;0;0;0;81,7;67,1;0,0;0,0;4868,6;20;0,00;0,00;False;False;4;Right;
RZ22;10;Trajectory;4;81,8;0;0,2639547;0;0;404,7857;(-51.95, -0.44, 166.20);0;True;False;1;0,04789755;0,00;0,00;0,00;0;0;0;0;0;81,8;67,2;0,0;0,0;4868,6;20;0,00;0,00;False;False;4;Right;
RZ22;10;Trajectory;4;81,9;0;0,2639547;0;0;404,7857;(-51.95, -0.44, 166.20);0;True;False;1;0,04789755;0,00;0,00;0,00;0;0;0;0;0;81,9;67,3;0,0;0,0;4868,6;20;0,00;0,00;False;False;4;Right;
RZ22;10;Trajectory;4;82,0;0;0,2639547;0;0;404,7857;(-51.95, -0.44, 166.20);0;True;False;1;0,04789755;0,00;0,00;0,00;0;0;0;0;0;82,0;67,4;0,0;0,0;4868,6;20;0,00;0,00;False;False;4;Right;
RZ22;10;Trajectory;4;82,1;0;0,2639547;0;0;404,7857;(-51.95, -0.44, 166.20);0;True;False;1;0,04789755;0,00;0,00;0,00;0;0;0;0;0;82,1;67,5;0,0;0,0;4868,6;20;0,00;0,00;False;False;4;Right;
RZ22;10;Trajectory;4;82,2;0;0,2639547;0;0;404,7857;(-51.95, -0.44, 166.20);0;True;False;1;0,04789755;0,00;0,00;0,00;0;0;0;0;0;82,2;67,6;0,0;0,0;4868,6;20;0,00;0,00;False;False;4;Right;
RZ22;10;Trajectory;4;82,3;0;0,2639547;0;0;404,7857;(-51.95, -0.44, 166.20);0;True;False;1;0,04789755;0,00;0,00;0,00;0;0;0;0;0;82,3;67,7;0,0;0,0;4868,6;20;0,00;0,00;False;False;4;Right;
RZ22;10;Trajectory;4;82,4;0;0,2639547;0;0;404,7857;(-51.95, -0.44, 166.20);0;True;False;1;0,04789755;0,00;0,00;0,00;0;0;0;0;0;82,4;67,8;0,0;0,0;4868,6;20;0,00;0,00;False;False;4;Right;
RZ22;10;Trajectory;4;82,5;6,975447E-05;0,2639489;0;0;404,7857;(-51.95, -0.44, 166.20);0;True;False;1;0,04793629;0,00;0,00;0,00;0;0;0;0;0;82,5;67,9;0,0;0,0;4868,6;20;0,00;0,00;False;False;4;Right;
RZ22;10;Trajectory;4;82,6;6,975447E-05;0,2639547;0;0;404,7857;(-51.95, -0.44, 166.20);0;True;False;1;0,04789755;0,00;0,00;0,00;0;0;0;0;0;82,6;68,0;0,0;0,0;4868,6;20;0,00;0,00;False;False;4;Right;
RZ22;10;Trajectory;4;82,7;0;0,2639547;0;0;404,7857;(-51.95, -0.44, 166.20);0;True;False;1;0,04789755;0,00;0,00;0,00;0;0;0;0;0;82,7;68,1;0,0;0,0;4868,6;20;0,00;0,00;False;False;4;Right;
RZ22;10;Trajectory;4;82,8;0;0,2639547;0;0;404,7857;(-51.95, -0.44, 166.20);0;True;False;1;0,04789755;0,00;0,00;0,00;0;0;0;0;0;82,8;68,2;0,0;0,0;4868,6;20;0,00;0,00;False;False;4;Right;
RZ22;10;Trajectory;4;82,9;0;0,2639547;0;0;404,7857;(-51.95, -0.44, 166.20);0;True;False;1;0,04789755;0,00;0,00;0,00;0;0;0;0;0;82,9;68,3;0,0;0,0;4868,6;20;0,00;0,00;False;False;4;Right;
RZ22;10;Trajectory;4;83,0;0;0,2639547;0;0;404,7857;(-51.95, -0.44, 166.20);0;True;False;1;0,04789755;0,00;0,00;0,00;0;0;0;0;0;83,0;68,4;0,0;0,0;4868,6;20;0,00;0,00;False;False;4;Right;
RZ22;10;Trajectory;4;83,1;0;0,2639547;0;0;404,7857;(-51.95, -0.44, 166.20);0;True;False;1;0,04789755;0,00;0,00;0,00;0;0;0;0;0;83,1;68,5;0,0;0,0;4868,6;20;0,00;0,00;False;False;4;Right;
RZ22;10;Trajectory;4;83,2;0;0,2639547;0;0;404,7857;(-51.95, -0.44, 166.20);0;True;False;1;0,04789755;0,00;0,00;0,00;0;0;0;0;0;83,2;68,6;0,0;0,0;4868,6;20;0,00;0,00;False;False;4;Right;
RZ22;10;Trajectory;4;83,3;0;0,2639547;0;0;404,7857;(-51.95, -0.44, 166.20);0;True;False;1;0,04789755;0,00;0,00;0,00;0;0;0;0;0;83,3;68,7;0,0;0,0;4868,6;20;0,00;0,00;False;False;4;Right;
RZ22;10;Trajectory;4;83,4;0;0,2639547;0;0;404,7857;(-51.95, -0.44, 166.20);0;True;False;1;0,04789755;0,00;0,00;0,00;0;0;0;0;0;83,4;68,8;0,0;0,0;4868,6;20;0,00;0,00;False;False;4;Right;
RZ22;10;Trajectory;4;83,5;0;0,2639547;0;0;404,7857;(-51.95, -0.44, 166.20);0;True;False;1;0,04789755;0,00;0,00;0,00;0;0;0;0;0;83,5;68,9;0,0;0,0;4868,6;20;0,00;0,00;False;False;4;Right;
RZ22;10;Trajectory;4;83,6;0;0,2639547;0;0;404,7857;(-51.95, -0.44, 166.20);0;True;False;1;0,04789755;0,00;0,00;0,00;0;0;0;0;0;83,6;69,0;0,0;0,0;4868,6;20;0,00;0,00;False;False;4;Right;
RZ22;10;Trajectory;4;83,7;0;0,2639547;0;0;404,7857;(-51.95, -0.44, 166.20);0;True;False;1;0,04789755;0,00;0,00;0,00;0;0;0;0;0;83,7;69,1;0,0;0,0;4868,6;20;0,00;0,00;False;False;4;Right;
RZ22;10;Trajectory;4;83,8;0;0,2639547;0;0;404,7857;(-51.95, -0.44, 166.20);0;True;False;1;0,04789755;0,00;0,00;0,00;0;0;0;0;0;83,8;69,2;0,0;0,0;4868,6;20;0,00;0,00;False;False;4;Right;
RZ22;10;Trajectory;4;83,9;0;0,2639547;0;0;404,7857;(-51.95, -0.44, 166.20);0;True;False;1;0,04789755;0,00;0,00;0,00;0;0;0;0;0;83,9;69,3;0,0;0,0;4868,6;20;0,00;0,00;False;False;4;Right;
RZ22;10;Trajectory;4;84,0;0;0,2639547;0;0;404,7857;(-51.95, -0.44, 166.20);0;True;False;1;0,04789755;0,00;0,00;0,00;0;0;0;0;0;84,0;69,4;0,0;0,0;4868,6;20;0,00;0,00;False;False;4;Right;
RZ22;10;Trajectory;4;84,1;0;0,2639547;0;0;404,7857;(-51.95, -0.44, 166.20);0;True;False;1;0,04789755;0,00;0,00;0,00;0;0;0;0;0;84,1;69,5;0,0;0,0;4868,6;20;0,00;0,00;False;False;4;Right;
RZ22;10;Trajectory;4;84,2;0;0,2639547;0;0;404,7857;(-51.95, -0.44, 166.20);0;True;False;1;0,04789755;0,00;0,00;0,00;0;0;0;0;0;84,2;69,6;0,0;0,0;4868,6;20;0,00;0,00;False;False;4;Right;
RZ22;10;Trajectory;4;84,3;0;0,2639547;0;0;404,7857;(-51.95, -0.44, 166.20);0;True;False;1;0,04789755;0,00;0,00;0,00;0;0;0;0;0;84,3;69,7;0,0;0,0;4868,6;20;0,00;0,00;False;False;4;Right;
RZ22;10;Trajectory;4;84,4;0;0,2639547;0;0;404,7857;(-51.95, -0.44, 166.20);0;True;False;1;0,04789755;0,00;0,00;0,00;0;0;0;0;0;84,4;69,8;0,0;0,0;4868,6;20;0,00;0,00;False;False;4;Right;
RZ22;10;Trajectory;4;84,5;0;0,2639547;0;0;404,7857;(-51.95, -0.44, 166.20);0;True;False;1;0,04789755;0,00;0,00;0,00;0;0;0;0;0;84,5;69,9;0,0;0,0;4868,6;20;0,00;0,00;False;False;4;Right;
RZ22;10;Trajectory;4;84,6;0;0,2639547;0;0;404,7857;(-51.95, -0.44, 166.20);0;True;False;1;0,04789755;0,00;0,00;0,00;0;0;0;0;0;84,6;70,0;0,0;0,0;4868,6;20;0,00;0,00;False;False;4;Right;
RZ22;10;Trajectory;4;84,7;0;0,2639547;0;0;404,7857;(-51.95, -0.44, 166.20);0;True;False;1;0,04789755;0,00;0,00;0,00;0;0;0;0;0;84,7;70,1;0,0;0,0;4868,6;20;0,00;0,00;False;False;4;Right;
RZ22;10;Trajectory;4;84,8;0;0,2639547;0;0;404,7857;(-51.95, -0.44, 166.20);0;True;False;1;0,04789755;0,00;0,00;0,00;0;0;0;0;0;84,8;70,2;0,0;0,0;4868,6;20;0,00;0,00;False;False;4;Right;
RZ22;10;Trajectory;4;84,9;0;0,2639547;0;0;404,7857;(-51.95, -0.44, 166.20);0;True;False;1;0,04789755;0,00;0,00;0,00;0;0;0;0;0;84,9;70,3;0,0;0,0;4868,6;20;0,00;0,00;False;False;4;Right;
RZ22;10;Trajectory;4;85,0;0;0,2639547;0;0;404,7857;(-51.95, -0.44, 166.20);0;True;False;1;0,04789755;0,00;0,00;0,00;0;0;0;0;0;85,0;70,4;0,0;0,0;4868,6;20;0,00;0,00;False;False;4;Right;
RZ22;10;Trajectory;4;85,1;0;0,2639547;0;0;404,7857;(-51.95, -0.44, 166.20);0;True;False;1;0,04789755;0,00;0,00;0,00;0;0;0;0;0;85,1;70,5;0,0;0,0;4868,6;20;0,00;0,00;False;False;4;Right;
RZ22;10;Trajectory;4;85,2;0;0,2639547;0;0;404,7857;(-51.95, -0.44, 166.20);0;True;False;1;0,04789755;0,00;0,00;0,00;0;0;0;0;0;85,2;70,6;0,0;0,0;4868,6;20;0,00;0,00;False;False;4;Right;
RZ22;10;Trajectory;4;85,3;0;0,2639547;0;0;404,7857;(-51.95, -0.44, 166.20);0;True;False;1;0,04789755;0,00;0,00;0,00;0;0;0;0;0;85,3;70,7;0,0;0,0;4868,6;20;0,00;0,00;False;False;4;Right;
RZ22;10;Trajectory;4;85,4;6,975447E-05;0,2639489;0;0;404,7857;(-51.95, -0.44, 166.20);0;True;False;1;0,04793629;0,00;0,00;0,00;0;0;0;0;0;85,4;70,8;0,0;0,0;4868,6;20;0,00;0,00;False;False;4;Right;
RZ22;10;Trajectory;4;85,5;6,975447E-05;0,2639547;0;0;404,7857;(-51.95, -0.44, 166.20);0;True;False;1;0,04789755;0,00;0,00;0,00;0;0;0;0;0;85,5;70,9;0,0;0,0;4868,6;20;0,00;0,00;False;False;4;Right;
RZ22;10;Trajectory;4;85,6;0;0,2639547;0;0;404,7857;(-51.95, -0.44, 166.20);0;True;False;1;0,04789755;0,00;0,00;0,00;0;0;0;0;0;85,6;71,0;0,0;0,0;4868,6;20;0,00;0,00;False;False;4;Right;
RZ22;10;Trajectory;4;85,7;0;0,2639547;0;0;404,7857;(-51.95, -0.44, 166.20);0;True;False;1;0,04789755;0,00;0,00;0,00;0;0;0;0;0;85,7;71,1;0,0;0,0;4868,6;20;0,00;0,00;False;False;4;Right;
RZ22;10;Trajectory;4;85,8;0;0,2639547;0;0;404,7857;(-51.95, -0.44, 166.20);0;True;False;1;0,04789755;0,00;0,00;0,00;0;0;0;0;0;85,8;71,2;0,0;0,0;4868,6;20;0,00;0,00;False;False;4;Right;
RZ22;10;Trajectory;4;85,9;0;0,2639547;0;0;404,7857;(-51.95, -0.44, 166.20);0;True;False;1;0,04789755;0,00;0,00;0,00;0;0;0;0;0;85,9;71,3;0,0;0,0;4868,6;20;0,00;0,00;False;False;4;Right;
RZ22;10;Trajectory;4;86,0;0;0,2639547;0;0;404,7857;(-51.95, -0.44, 166.20);0;True;False;1;0,04789755;0,00;0,00;0,00;0;0;0;0;0;86,0;71,4;0,0;0,0;4868,6;20;0,00;0,00;False;False;4;Right;
RZ22;10;Trajectory;4;86,1;0;0,2639547;0;0;404,7857;(-51.95, -0.44, 166.20);0;True;False;1;0,04789755;0,00;0,00;0,00;0;0;0;0;0;86,1;71,5;0,0;0,0;4868,6;20;0,00;0,00;False;False;4;Right;
RZ22;10;Trajectory;4;86,2;0;0,2639547;0;0;404,7857;(-51.95, -0.44, 166.20);0;True;False;1;0,04789755;0,00;0,00;0,00;0;0;0;0;0;86,2;71,6;0,0;0,0;4868,6;20;0,00;0,00;False;False;4;Right;
RZ22;10;Trajectory;4;86,3;0;0,2639547;0;0;404,7857;(-51.95, -0.44, 166.20);0;True;False;1;0,04789755;0,00;0,00;0,00;0;0;0;0;0;86,3;71,7;0,0;0,0;4868,6;20;0,00;0,00;False;False;4;Right;
RZ22;10;Trajectory;4;86,4;6,975447E-05;0,2639605;0;0;404,7857;(-51.95, -0.44, 166.20);0;True;False;1;0,04785888;0,00;0,00;0,00;0;0;0;0;0;86,4;71,8;0,0;0,0;4868,6;20;0,00;0,00;False;False;4;Right;
RZ22;10;Trajectory;4;86,5;0;0,2639605;0;0;404,7857;(-51.95, -0.44, 166.20);0;True;False;1;0,04785888;0,00;0,00;0,00;0;0;0;0;0;86,5;71,9;0,0;0,0;4868,6;20;0,00;0,00;False;False;4;Right;
RZ22;10;Trajectory;4;86,6;6,975447E-05;0,2639547;0;0;404,7857;(-51.95, -0.44, 166.20);0;True;False;1;0,04789755;0,00;0,00;0,00;0;0;0;0;0;86,6;72,0;0,0;0,0;4868,6;20;0,00;0,00;False;False;4;Right;
RZ22;10;Trajectory;4;86,7;0;0,2639547;0;0;404,7857;(-51.95, -0.44, 166.20);0;True;False;1;0,04789755;0,00;0,00;0,00;0;0;0;0;0;86,7;72,1;0,0;0,0;4868,6;20;0,00;0,00;False;False;4;Right;
RZ22;10;Trajectory;4;86,8;0;0,2639547;0;0;404,7857;(-51.95, -0.44, 166.20);0;True;False;1;0,04789755;0,00;0,00;0,00;0;0;0;0;0;86,8;72,2;0,0;0,0;4868,6;20;0,00;0,00;False;False;4;Right;
RZ22;10;Trajectory;4;86,9;0;0,2639547;0;0;404,7857;(-51.95, -0.44, 166.20);0;True;False;1;0,04789755;0,00;0,00;0,00;0;0;0;0;0;86,9;72,3;0,0;0,0;4868,6;20;0,00;0,00;False;False;4;Right;
RZ22;10;Trajectory;4;87,0;0;0,2639547;0;0;404,7857;(-51.95, -0.44, 166.20);0;True;False;1;0,04789755;0,00;0,00;0,00;0;0;0;0;0;87,0;72,4;0,0;0,0;4868,6;20;0,00;0,00;False;False;4;Right;
RZ22;10;Trajectory;4;87,1;0;0,2639547;0;0;404,7857;(-51.95, -0.44, 166.20);0;True;False;1;0,04789755;0,00;0,00;0,00;0;0;0;0;0;87,1;72,5;0,0;0,0;4868,6;20;0,00;0,00;False;False;4;Right;
RZ22;10;Trajectory;4;87,2;0;0,2639547;0;0;404,7857;(-51.95, -0.44, 166.20);0;True;False;1;0,04789755;0,00;0,00;0,00;0;0;0;0;0;87,2;72,6;0,0;0,0;4868,6;20;0,00;0,00;False;False;4;Right;
RZ22;10;Trajectory;4;87,3;0;0,2639547;0;0;404,7857;(-51.95, -0.44, 166.20);0;True;False;1;0,04789755;0,00;0,00;0,00;0;0;0;0;0;87,3;72,7;0,0;0,0;4868,6;20;0,00;0,00;False;False;4;Right;
RZ22;10;Trajectory;4;87,4;0;0,2639547;0;0;404,7857;(-51.95, -0.44, 166.20);0;True;False;1;0,04789755;0,00;0,00;0,00;0;0;0;0;0;87,4;72,8;0,0;0,0;4868,6;20;0,00;0,00;False;False;4;Right;
RZ22;10;Trajectory;4;87,5;0;0,2639547;0;0;404,7857;(-51.95, -0.44, 166.20);0;True;False;1;0,04789755;0,00;0,00;0,00;0;0;0;0;0;87,5;72,9;0,0;0,0;4868,6;20;0,00;0,00;False;False;4;Right;
RZ22;10;Trajectory;4;87,6;0;0,2639547;0;0;404,7857;(-51.95, -0.44, 166.20);0;True;False;1;0,04789755;0,00;0,00;0,00;0;0;0;0;0;87,6;73,0;0,0;0,0;4868,6;20;0,00;0,00;False;False;4;Right;
RZ22;10;Trajectory;4;87,7;0;0,2639547;0;0;404,7857;(-51.95, -0.44, 166.20);0;True;False;1;0,04789755;0,00;0,00;0,00;0;0;0;0;0;87,7;73,1;0,0;0,0;4868,6;20;0,00;0,00;False;False;4;Right;
RZ22;10;Trajectory;4;87,8;0;0,2639547;0;0;404,7857;(-51.95, -0.44, 166.20);0;True;False;1;0,04789755;0,00;0,00;0,00;0;0;0;0;0;87,8;73,2;0,0;0,0;4868,6;20;0,00;0,00;False;False;4;Right;
RZ22;10;Trajectory;4;87,9;0;0,2639547;0;0;404,7857;(-51.95, -0.44, 166.20);0;True;False;1;0,04789755;0,00;0,00;0,00;0;0;0;0;0;87,9;73,3;0,0;0,0;4868,6;20;0,00;0,00;False;False;4;Right;
RZ22;10;Trajectory;4;88,0;0;0,2639547;0;0;404,7857;(-51.95, -0.44, 166.20);0;True;False;1;0,04789755;0,00;0,00;0,00;0;0;0;0;0;88,0;73,4;0,0;0,0;4868,6;20;0,00;0,00;False;False;4;Right;
RZ22;10;Trajectory;4;88,1;0;0,2639547;0;0;404,7857;(-51.95, -0.44, 166.20);0;True;False;1;0,04789755;0,00;0,00;0,00;0;0;0;0;0;88,1;73,5;0,0;0,0;4868,6;20;0,00;0,00;False;False;4;Right;
RZ22;10;Trajectory;4;88,2;0;0,2639547;0;0;404,7857;(-51.95, -0.44, 166.20);0;True;False;1;0,04789755;0,00;0,00;0,00;0;0;0;0;0;88,2;73,6;0,0;0,0;4868,6;20;0,00;0,00;False;False;4;Right;
RZ22;10;Trajectory;4;88,3;0;0,2639547;0;0;404,7857;(-51.95, -0.44, 166.20);0;True;False;1;0,04789755;0,00;0,00;0,00;0;0;0;0;0;88,3;73,7;0,0;0,0;4868,6;20;0,00;0,00;False;False;4;Right;
RZ22;10;Trajectory;4;88,4;0;0,2639547;0;0;404,7857;(-51.95, -0.44, 166.20);0;True;False;1;0,04789755;0,00;0,00;0,00;0;0;0;0;0;88,4;73,8;0,0;0,0;4868,6;20;0,00;0,00;False;False;4;Right;
RZ22;10;Trajectory;4;88,5;0;0,2639547;0;0;404,7857;(-51.95, -0.44, 166.20);0;True;False;1;0,04789755;0,00;0,00;0,00;0;0;0;0;0;88,5;73,9;0,0;0,0;4868,6;20;0,00;0,00;False;False;4;Right;
RZ22;10;Trajectory;4;88,6;0;0,2639547;0;0;404,7857;(-51.95, -0.44, 166.20);0;True;False;1;0,04789755;0,00;0,00;0,00;0;0;0;0;0;88,6;74,0;0,0;0,0;4868,6;20;0,00;0,00;False;False;4;Right;
RZ22;10;Trajectory;4;88,7;0;0,2639547;0;0;404,7857;(-51.95, -0.44, 166.20);0;True;False;1;0,04789755;0,00;0,00;0,00;0;0;0;0;0;88,7;74,1;0,0;0,0;4868,6;20;0,00;0,00;False;False;4;Right;
RZ22;10;Trajectory;4;88,8;0;0,2639547;0;0;404,7857;(-51.95, -0.44, 166.20);0;True;False;1;0,04789755;0,00;0,00;0,00;0;0;0;0;0;88,8;74,2;0,0;0,0;4868,6;20;0,00;0,00;False;False;4;Right;
RZ22;10;Trajectory;4;88,9;0;0,2639547;0;0;404,7857;(-51.95, -0.44, 166.20);0;True;False;1;0,04789755;0,00;0,00;0,00;0;0;0;0;0;88,9;74,3;0,0;0,0;4868,6;20;0,00;0,00;False;False;4;Right;
RZ22;10;Trajectory;4;89,0;0;0,2639547;0;0;404,7857;(-51.95, -0.44, 166.20);0;True;False;1;0,04789755;0,00;0,00;0,00;0;0;0;0;0;89,0;74,4;0,0;0,0;4868,6;20;0,00;0,00;False;False;4;Right;
RZ22;10;Trajectory;4;89,1;0;0,2639547;0;0;404,7857;(-51.95, -0.44, 166.20);0;True;False;1;0,04789755;0,00;0,00;0,00;0;0;0;0;0;89,1;74,5;0,0;0,0;4868,6;20;0,00;0,00;False;False;4;Right;
RZ22;10;Trajectory;4;89,2;0;0,2639547;0;0;404,7857;(-51.95, -0.44, 166.20);0;True;False;1;0,04789755;0,00;0,00;0,00;0;0;0;0;0;89,2;74,6;0,0;0,0;4868,6;20;0,00;0,00;False;False;4;Right;
RZ22;10;Trajectory;4;89,3;0;0,2639547;0;0;404,7857;(-51.95, -0.44, 166.20);0;True;False;1;0,04789755;0,00;0,00;0,00;0;0;0;0;0;89,3;74,7;0,0;0,0;4868,6;20;0,00;0,00;False;False;4;Right;
RZ22;10;Trajectory;4;89,4;0;0,2639547;0;0;404,7857;(-51.95, -0.44, 166.20);0;True;False;1;0,04789755;0,00;0,00;0,00;0;0;0;0;0;89,4;74,8;0,0;0,0;4868,6;20;0,00;0,00;False;False;4;Right;
RZ22;10;Trajectory;4;89,5;0;0,2639547;0;0;404,7857;(-51.95, -0.44, 166.20);0;True;False;1;0,04789755;0,00;0,00;0,00;0;0;0;0;0;89,5;74,9;0,0;0,0;4868,6;20;0,00;0,00;False;False;4;Right;
RZ22;10;Trajectory;4;89,6;0;0,2639547;0;0;404,7857;(-51.95, -0.44, 166.20);0;True;False;1;0,04789755;0,00;0,00;0,00;0;0;0;0;0;89,6;75,0;0,0;0,0;4868,6;20;0,00;0,00;False;False;4;Right;
RZ22;10;Trajectory;4;89,7;0;0,2639547;0;0;404,7857;(-51.95, -0.44, 166.20);0;True;False;1;0,04789755;0,00;0,00;0,00;0;0;0;0;0;89,7;75,1;0,0;0,0;4868,6;20;0,00;0,00;False;False;4;Right;
RZ22;10;Trajectory;4;89,8;0;0,2639547;0;0;404,7857;(-51.95, -0.44, 166.20);0;True;False;1;0,04789755;0,00;0,00;0,00;0;0;0;0;0;89,8;75,2;0,0;0,0;4868,6;20;0,00;0,00;False;False;4;Right;
RZ22;10;Trajectory;4;89,9;0;0,2639547;0;0;404,7857;(-51.95, -0.44, 166.20);0;True;False;1;0,04789755;0,00;0,00;0,00;0;0;0;0;0;89,9;75,3;0,0;0,0;4868,6;20;0,00;0,00;False;False;4;Right;
RZ22;10;Trajectory;4;90,0;0;0,2639547;0;0;404,7857;(-51.95, -0.44, 166.20);0;True;False;1;0,04789755;0,00;0,00;0,00;0;0;0;0;0;90,0;75,4;0,0;0,0;4868,6;20;0,00;0,00;False;False;4;Right;
RZ22;10;Trajectory;4;90,1;0;0,2639547;0;0;404,7857;(-51.95, -0.44, 166.20);0;True;False;1;0,04789755;0,00;0,00;0,00;0;0;0;0;0;90,1;75,5;0,0;0,0;4868,6;20;0,00;0,00;False;False;4;Right;
RZ22;10;Trajectory;4;90,2;0;0,2639547;0;0;404,7857;(-51.95, -0.44, 166.20);0;True;False;1;0,04789755;0,00;0,00;0,00;0;0;0;0;0;90,2;75,6;0,0;0,0;4868,6;20;0,00;0,00;False;False;4;Right;
RZ22;10;Trajectory;4;90,3;0;0,2639547;0;0;404,7857;(-51.95, -0.44, 166.20);0;True;False;1;0,04789755;0,00;0,00;0,00;0;0;0;0;0;90,3;75,7;0,0;0,0;4868,6;20;0,00;0,00;False;False;4;Right;
RZ22;10;Trajectory;4;90,4;0;0,2639547;0;0;404,7857;(-51.95, -0.44, 166.20);0;True;False;1;0,04789755;0,00;0,00;0,00;0;0;0;0;0;90,4;75,8;0,0;0,0;4868,6;20;0,00;0,00;False;False;4;Right;
RZ22;10;Trajectory;4;90,5;0;0,2639547;0;0;404,7857;(-51.95, -0.44, 166.20);0;True;False;1;0,04789755;0,00;0,00;0,00;0;0;0;0;0;90,5;75,9;0,0;0,0;4868,6;20;0,00;0,00;False;False;4;Right;
RZ22;10;Trajectory;4;90,6;0;0,2639547;0;0;404,7857;(-51.95, -0.44, 166.20);0;True;False;1;0,04789755;0,00;0,00;0,00;0;0;0;0;0;90,6;76,0;0,0;0,0;4868,6;20;0,00;0,00;False;False;4;Right;
RZ22;10;Trajectory;4;90,7;0;0,2639547;0;0;404,7857;(-51.95, -0.44, 166.20);0;True;False;1;0,04789755;0,00;0,00;0,00;0;0;0;0;0;90,7;76,1;0,0;0,0;4868,6;20;0,00;0,00;False;False;4;Right;
RZ22;10;Trajectory;4;90,8;0;0,2639547;0;0;404,7857;(-51.95, -0.44, 166.20);0;True;False;1;0,04789755;0,00;0,00;0,00;0;0;0;0;0;90,8;76,2;0,0;0,0;4868,6;20;0,00;0,00;False;False;4;Right;
RZ22;10;Trajectory;4;90,9;0;0,2639547;0;0;404,7857;(-51.95, -0.44, 166.20);0;True;False;1;0,04789755;0,00;0,00;0,00;0;0;0;0;0;90,9;76,3;0,0;0,0;4868,6;20;0,00;0,00;False;False;4;Right;
RZ22;10;Trajectory;4;91,0;0;0,2639547;0;0;404,7857;(-51.95, -0.44, 166.20);0;True;False;1;0,04789755;0,00;0,00;0,00;0;0;0;0;0;91,0;76,4;0,0;0,0;4868,6;20;0,00;0,00;False;False;4;Right;
RZ22;10;Trajectory;4;91,1;0;0,2639547;0;0;404,7857;(-51.95, -0.44, 166.20);0;True;False;1;0,04789755;0,00;0,00;0,00;0;0;0;0;0;91,1;76,5;0,0;0,0;4868,6;20;0,00;0,00;False;False;4;Right;
RZ22;10;Trajectory;4;91,2;0;0,2639547;0;0;404,7857;(-51.95, -0.44, 166.20);0;True;False;1;0,04789755;0,00;0,00;0,00;0;0;0;0;0;91,2;76,6;0,0;0,0;4868,6;20;0,00;0,00;False;False;4;Right;
RZ22;10;Trajectory;4;91,3;0;0,2639547;0;0;404,7857;(-51.95, -0.44, 166.20);0;True;False;1;0,04789755;0,00;0,00;0,00;0;0;0;0;0;91,3;76,7;0,0;0,0;4868,6;20;0,00;0,00;False;False;4;Right;
RZ22;10;Trajectory;4;91,4;0;0,2639547;0;0;404,7857;(-51.95, -0.44, 166.20);0;True;False;1;0,04789755;0,00;0,00;0,00;0;0;0;0;0;91,4;76,8;0,0;0,0;4868,6;20;0,00;0,00;False;False;4;Right;
RZ22;10;Trajectory;4;91,5;0;0,2639547;0;0;404,7857;(-51.95, -0.44, 166.20);0;True;False;1;0,04789755;0,00;0,00;0,00;0;0;0;0;0;91,5;76,9;0,0;0,0;4868,6;20;0,00;0,00;False;False;4;Right;
RZ22;10;Trajectory;4;91,6;0;0,2639547;0;0;404,7857;(-51.95, -0.44, 166.20);0;True;False;1;0,04789755;0,00;0,00;0,00;0;0;0;0;0;91,6;77,0;0,0;0,0;4868,6;20;0,00;0,00;False;False;4;Right;
RZ22;10;Trajectory;4;91,7;0;0,2639547;0;0;404,7857;(-51.95, -0.44, 166.20);0;True;False;1;0,04789755;0,00;0,00;0,00;0;0;0;0;0;91,7;77,1;0,0;0,0;4868,6;20;0,00;0,00;False;False;4;Right;
RZ22;10;Trajectory;4;91,8;0;0,2639547;0;0;404,7857;(-51.95, -0.44, 166.20);0;True;False;1;0,04789755;0,00;0,00;0,00;0;0;0;0;0;91,8;77,2;0,0;0,0;4868,6;20;0,00;0,00;False;False;4;Right;
RZ22;10;Trajectory;4;91,9;0;0,2639547;0;0;404,7857;(-51.95, -0.44, 166.20);0;True;False;1;0,04789755;0,00;0,00;0,00;0;0;0;0;0;91,9;77,3;0,0;0,0;4868,6;20;0,00;0,00;False;False;4;Right;
RZ22;10;Trajectory;4;92,0;0;0,2639547;0;0;404,7857;(-51.95, -0.44, 166.20);0;True;False;1;0,04789755;0,00;0,00;0,00;0;0;0;0;0;92,0;77,4;0,0;0,0;4868,6;20;0,00;0,00;False;False;4;Right;
RZ22;10;Trajectory;4;92,1;6,975447E-05;0,2639489;0;0;404,7857;(-51.95, -0.44, 166.20);0;True;False;1;0,04793629;0,00;0,00;0,00;0;0;0;0;0;92,1;77,5;0,0;0,0;4868,6;20;0,00;0,00;False;False;4;Right;
RZ22;10;Trajectory;4;92,2;6,975447E-05;0,2639547;0;0;404,7857;(-51.95, -0.44, 166.20);0;True;False;1;0,04789755;0,00;0,00;0,00;0;0;0;0;0;92,2;77,6;0,0;0,0;4868,6;20;0,00;0,00;False;False;4;Right;
RZ22;10;Trajectory;4;92,3;0;0,2639547;0;0;404,7857;(-51.95, -0.44, 166.20);0;True;False;1;0,04789755;0,00;0,00;0,00;0;0;0;0;0;92,3;77,7;0,0;0,0;4868,6;20;0,00;0,00;False;False;4;Right;
RZ22;10;Trajectory;4;92,4;0;0,2639547;0;0;404,7857;(-51.95, -0.44, 166.20);0;True;False;1;0,04789755;0,00;0,00;0,00;0;0;0;0;0;92,4;77,8;0,0;0,0;4868,6;20;0,00;0,00;False;False;4;Right;
RZ22;10;Trajectory;4;92,5;0;0,2639547;0;0;404,7857;(-51.95, -0.44, 166.20);0;True;False;1;0,04789755;0,00;0,00;0,00;0;0;0;0;0;92,5;77,9;0,0;0,0;4868,6;20;0,00;0,00;False;False;4;Right;
RZ22;10;Trajectory;4;92,6;6,975447E-05;0,2639489;0;0;404,7857;(-51.95, -0.44, 166.20);0;True;False;1;0,04793629;0,00;0,00;0,00;0;0;0;0;0;92,6;78,0;0,0;0,0;4868,6;20;0,00;0,00;False;False;4;Right;
RZ22;10;Trajectory;4;92,7;6,975447E-05;0,2639547;0;0;404,7857;(-51.95, -0.44, 166.20);0;True;False;1;0,04789755;0,00;0,00;0,00;0;0;0;0;0;92,7;78,1;0,0;0,0;4868,6;20;0,00;0,00;False;False;4;Right;
RZ22;10;Trajectory;4;92,8;0;0,2639547;0;0;404,7857;(-51.95, -0.44, 166.20);0;True;False;1;0,04789755;0,00;0,00;0,00;0;0;0;0;0;92,8;78,2;0,0;0,0;4868,6;20;0,00;0,00;False;False;4;Right;
RZ22;10;Trajectory;4;92,9;0;0,2639547;0;0;404,7857;(-51.95, -0.44, 166.20);0;True;False;1;0,04789755;0,00;0,00;0,00;0;0;0;0;0;92,9;78,3;0,0;0,0;4868,6;20;0,00;0,00;False;False;4;Right;
RZ22;10;Trajectory;4;93,0;0;0,2639547;0;0;404,7857;(-51.95, -0.44, 166.20);0;True;False;1;0,04789755;0,00;0,00;0,00;0;0;0;0;0;93,0;78,4;0,0;0,0;4868,6;20;0,00;0,00;False;False;4;Right;
RZ22;10;Trajectory;4;93,1;0;0,2639547;0;0;404,7857;(-51.95, -0.44, 166.20);0;True;False;1;0,04789755;0,00;0,00;0,00;0;0;0;0;0;93,1;78,5;0,0;0,0;4868,6;20;0,00;0,00;False;False;4;Right;
RZ22;10;Trajectory;4;93,2;0;0,2639547;0;0;404,7857;(-51.95, -0.44, 166.20);0;True;False;1;0,04789755;0,00;0,00;0,00;0;0;0;0;0;93,2;78,6;0,0;0,0;4868,6;20;0,00;0,00;False;False;4;Right;
RZ22;10;Trajectory;4;93,3;0;0,2639547;0;0;404,7857;(-51.95, -0.44, 166.20);0;True;False;1;0,04789755;0,00;0,00;0,00;0;0;0;0;0;93,3;78,7;0,0;0,0;4868,6;20;0,00;0,00;False;False;4;Right;
RZ22;10;Trajectory;4;93,4;0;0,2639547;0;0;404,7857;(-51.95, -0.44, 166.20);0;True;False;1;0,04789755;0,00;0,00;0,00;0;0;0;0;0;93,4;78,8;0,0;0,0;4868,6;20;0,00;0,00;False;False;4;Right;
RZ22;10;Trajectory;4;93,5;0;0,2639547;0;0;404,7857;(-51.95, -0.44, 166.20);0;True;False;1;0,04789755;0,00;0,00;0,00;0;0;0;0;0;93,5;78,9;0,0;0,0;4868,6;20;0,00;0,00;False;False;4;Right;
RZ22;10;Trajectory;4;93,6;0;0,2639547;0;0;404,7857;(-51.95, -0.44, 166.20);0;True;False;1;0,04789755;0,00;0,00;0,00;0;0;0;0;0;93,6;79,0;0,0;0,0;4868,6;20;0,00;0,00;False;False;4;Right;
RZ22;10;Trajectory;4;93,7;0;0,2639547;0;0;404,7857;(-51.95, -0.44, 166.20);0;True;False;1;0,04789755;0,00;0,00;0,00;0;0;0;0;0;93,7;79,1;0,0;0,0;4868,6;20;0,00;0,00;False;False;4;Right;
RZ22;10;Trajectory;4;93,8;0;0,2639547;0;0;404,7857;(-51.95, -0.44, 166.20);0;True;False;1;0,04789755;0,00;0,00;0,00;0;0;0;0;0;93,8;79,2;0,0;0,0;4868,6;20;0,00;0,00;False;False;4;Right;
RZ22;10;Trajectory;4;93,9;0;0,2639547;0;0;404,7857;(-51.95, -0.44, 166.20);0;True;False;1;0,04789755;0,00;0,00;0,00;0;0;0;0;0;93,9;79,3;0,0;0,0;4868,6;20;0,00;0,00;False;False;4;Right;
RZ22;10;Trajectory;4;94,0;0;0,2639547;0;0;404,7857;(-51.95, -0.44, 166.20);0;True;False;1;0,04789755;0,00;0,00;0,00;0;0;0;0;0;94,0;79,4;0,0;0,0;4868,6;20;0,00;0,00;False;False;4;Right;
RZ22;10;Trajectory;4;94,1;0;0,2639547;0;0;404,7857;(-51.95, -0.44, 166.20);0;True;False;1;0,04789755;0,00;0,00;0,00;0;0;0;0;0;94,1;79,5;0,0;0,0;4868,6;20;0,00;0,00;False;False;4;Right;
RZ22;10;Trajectory;4;94,2;0;0,2639547;0;0;404,7857;(-51.95, -0.44, 166.20);0;True;False;1;0,04789755;0,00;0,00;0,00;0;0;0;0;0;94,2;79,6;0,0;0,0;4868,6;20;0,00;0,00;False;False;4;Right;
RZ22;10;Trajectory;4;94,3;0;0,2639547;0;0;404,7857;(-51.95, -0.44, 166.20);0;True;False;1;0,04789755;0,00;0,00;0,00;0;0;0;0;0;94,3;79,7;0,0;0,0;4868,6;20;0,00;0,00;False;False;4;Right;
RZ22;10;Trajectory;4;94,4;0;0,2639547;0;0;404,7857;(-51.95, -0.44, 166.20);0;True;False;1;0,04789755;0,00;0,00;0,00;0;0;0;0;0;94,4;79,8;0,0;0,0;4868,6;20;0,00;0,00;False;False;4;Right;
RZ22;10;Trajectory;4;94,5;0;0,2639547;0;0;404,7857;(-51.95, -0.44, 166.20);0;True;False;1;0,04789755;0,00;0,00;0,00;0;0;0;0;0;94,5;79,9;0,0;0,0;4868,6;20;0,00;0,00;False;False;4;Right;
RZ22;10;Trajectory;4;94,6;6,975447E-05;0,2639489;0;0;404,7857;(-51.95, -0.44, 166.20);0;True;False;1;0,04793629;0,00;0,00;0,00;0;0;0;0;0;94,6;80,0;0,0;0,0;4868,6;20;0,00;0,00;False;False;4;Right;
RZ22;10;Trajectory;4;94,7;0;0,2639489;0;0;404,7857;(-51.95, -0.44, 166.20);0;True;False;1;0,04793629;0,00;0,00;0,00;0;0;0;0;0;94,7;80,1;0,0;0,0;4868,6;20;0,00;0,00;False;False;4;Right;
RZ22;10;Trajectory;4;94,8;6,975447E-05;0,2639547;0;0;404,7857;(-51.95, -0.44, 166.20);0;True;False;1;0,04789755;0,00;0,00;0,00;0;0;0;0;0;94,8;80,2;0,0;0,0;4868,6;20;0,00;0,00;False;False;4;Right;
RZ22;10;Trajectory;4;94,9;0;0,2639547;0;0;404,7857;(-51.95, -0.44, 166.20);0;True;False;1;0,04789755;0,00;0,00;0,00;0;0;0;0;0;94,9;80,3;0,0;0,0;4868,6;20;0,00;0,00;False;False;4;Right;
RZ22;10;Trajectory;4;95,0;0;0,2639547;0;0;404,7857;(-51.95, -0.44, 166.20);0;True;False;1;0,04789755;0,00;0,00;0,00;0;0;0;0;0;95,0;80,4;0,0;0,0;4868,6;20;0,00;0,00;False;False;4;Right;
RZ22;10;Trajectory;4;95,1;0;0,2639547;0;0;404,7857;(-51.95, -0.44, 166.20);0;True;False;1;0,04789755;0,00;0,00;0,00;0;0;0;0;0;95,1;80,5;0,0;0,0;4868,6;20;0,00;0,00;False;False;4;Right;
RZ22;10;Trajectory;4;95,2;0;0,2639547;0;0;404,7857;(-51.95, -0.44, 166.20);0;True;False;1;0,04789755;0,00;0,00;0,00;0;0;0;0;0;95,2;80,6;0,0;0,0;4868,6;20;0,00;0,00;False;False;4;Right;
RZ22;10;Trajectory;4;95,3;0;0,2639547;0;0;404,7857;(-51.95, -0.44, 166.20);0;True;False;1;0,04789755;0,00;0,00;0,00;0;0;0;0;0;95,3;80,7;0,0;0,0;4868,6;20;0,00;0,00;False;False;4;Right;
RZ22;10;Trajectory;4;95,4;0;0,2639547;0;0;404,7857;(-51.95, -0.44, 166.20);0;True;False;1;0,04789755;0,00;0,00;0,00;0;0;0;0;0;95,4;80,8;0,0;0,0;4868,6;20;0,00;0,00;False;False;4;Right;
RZ22;10;Trajectory;4;95,5;0;0,2639547;0;0;404,7857;(-51.95, -0.44, 166.20);0;True;False;1;0,04789755;0,00;0,00;0,00;0;0;0;0;0;95,5;80,9;0,0;0,0;4868,6;20;0,00;0,00;False;False;4;Right;
RZ22;10;Trajectory;4;95,6;0;0,2639547;0;0;404,7857;(-51.95, -0.44, 166.20);0;True;False;1;0,04789755;0,00;0,00;0,00;0;0;0;0;0;95,6;81,0;0,0;0,0;4868,6;20;0,00;0,00;False;False;4;Right;
RZ22;10;Trajectory;4;95,7;0;0,2639547;0;0;404,7857;(-51.95, -0.44, 166.20);0;True;False;1;0,04789755;0,00;0,00;0,00;0;0;0;0;0;95,7;81,1;0,0;0,0;4868,6;20;0,00;0,00;False;False;4;Right;
RZ22;10;Trajectory;4;95,8;6,975447E-05;0,2639489;0;0;404,7857;(-51.95, -0.44, 166.20);0;True;False;1;0,04793629;0,00;0,00;0,00;0;0;0;0;0;95,8;81,2;0,0;0,0;4868,6;20;0,00;0,00;False;False;4;Right;
RZ22;10;Trajectory;4;95,9;6,975447E-05;0,2639547;0;0;404,7857;(-51.95, -0.44, 166.20);0;True;False;1;0,04789755;0,00;0,00;0,00;0;0;0;0;0;95,9;81,3;0,0;0,0;4868,6;20;0,00;0,00;False;False;4;Right;
RZ22;10;Trajectory;4;96,0;6,975447E-05;0,2639489;0;0;404,7857;(-51.95, -0.44, 166.20);0;True;False;1;0,04793629;0,00;0,00;0,00;0;0;0;0;0;96,0;81,4;0,0;0,0;4868,6;20;0,00;0,00;False;False;4;Right;
RZ22;10;Trajectory;4;96,1;6,975447E-05;0,2639547;0;0;404,7857;(-51.95, -0.44, 166.20);0;True;False;1;0,04789755;0,00;0,00;0,00;0;0;0;0;0;96,1;81,5;0,0;0,0;4868,6;20;0,00;0,00;False;False;4;Right;
RZ22;10;Trajectory;4;96,2;0;0,2639547;0;0;404,7857;(-51.95, -0.44, 166.20);0;True;False;1;0,04789755;0,00;0,00;0,00;0;0;0;0;0;96,2;81,6;0,0;0,0;4868,6;20;0,00;0,00;False;False;4;Right;
RZ22;10;Trajectory;4;96,3;0;0,2639547;0;0;404,7857;(-51.95, -0.44, 166.20);0;True;False;1;0,04789755;0,00;0,00;0,00;0;0;0;0;0;96,3;81,7;0,0;0,0;4868,6;20;0,00;0,00;False;False;4;Right;
RZ22;10;Trajectory;4;96,4;0;0,2639547;0;0;404,7857;(-51.95, -0.44, 166.20);0;True;False;1;0,04789755;0,00;0,00;0,00;0;0;0;0;0;96,4;81,8;0,0;0,0;4868,6;20;0,00;0,00;False;False;4;Right;
RZ22;10;Trajectory;4;96,5;0;0,2639547;0;0;404,7857;(-51.95, -0.44, 166.20);0;True;False;1;0,04789755;0,00;0,00;0,00;0;0;0;0;0;96,5;81,9;0,0;0,0;4868,6;20;0,00;0,00;False;False;4;Right;
RZ22;10;Trajectory;4;96,6;0;0,2639547;0;0;404,7857;(-51.95, -0.44, 166.20);0;True;False;1;0,04789755;0,00;0,00;0,00;0;0;0;0;0;96,6;82,0;0,0;0,0;4868,6;20;0,00;0,00;False;False;4;Right;
RZ22;10;Trajectory;4;96,7;0;0,2639547;0;0;404,7857;(-51.95, -0.44, 166.20);0;True;False;1;0,04789755;0,00;0,00;0,00;0;0;0;0;0;96,7;82,1;0,0;0,0;4868,6;20;0,00;0,00;False;False;4;Right;
RZ22;10;Trajectory;4;96,8;0;0,2639547;0;0;404,7857;(-51.95, -0.44, 166.20);0;True;False;1;0,04789755;0,00;0,00;0,00;0;0;0;0;0;96,8;82,2;0,0;0,0;4868,6;20;0,00;0,00;False;False;4;Right;
RZ22;10;Trajectory;4;96,9;0;0,2639547;0;0;404,7857;(-51.95, -0.44, 166.20);0;True;False;1;0,04789755;0,00;0,00;0,00;0;0;0;0;0;96,9;82,3;0,0;0,0;4868,6;20;0,00;0,00;False;False;4;Right;
RZ22;10;Trajectory;4;97,0;0;0,2639547;0;0;404,7857;(-51.95, -0.44, 166.20);0;True;False;1;0,04789755;0,00;0,00;0,00;0;0;0;0;0;97,0;82,4;0,0;0,0;4868,6;20;0,00;0,00;False;False;4;Right;
RZ22;10;Trajectory;4;97,1;0;0,2639547;0;0;404,7857;(-51.95, -0.44, 166.20);0;True;False;1;0,04789755;0,00;0,00;0,00;0;0;0;0;0;97,1;82,5;0,0;0,0;4868,6;20;0,00;0,00;False;False;4;Right;
RZ22;10;Trajectory;4;97,2;0;0,2639547;0;0;404,7857;(-51.95, -0.44, 166.20);0;True;False;1;0,04789755;0,00;0,00;0,00;0;0;0;0;0;97,2;82,6;0,0;0,0;4868,6;20;0,00;0,00;False;False;4;Right;
RZ22;10;Trajectory;4;97,3;0;0,2639547;0;0;404,7857;(-51.95, -0.44, 166.20);0;True;False;1;0,04789755;0,00;0,00;0,00;0;0;0;0;0;97,3;82,7;0,0;0,0;4868,6;20;0,00;0,00;False;False;4;Right;
RZ22;10;Trajectory;4;97,4;0;0,2639547;0;0;404,7857;(-51.95, -0.44, 166.20);0;True;False;1;0,04789755;0,00;0,00;0,00;0;0;0;0;0;97,4;82,8;0,0;0,0;4868,6;20;0,00;0,00;False;False;4;Right;
RZ22;10;Trajectory;4;97,5;0;0,2639547;0;0;404,7857;(-51.95, -0.44, 166.20);0;True;False;1;0,04789755;0,00;0,00;0,00;0;0;0;0;0;97,5;82,9;0,0;0,0;4868,6;20;0,00;0,00;False;False;4;Right;
RZ22;10;Trajectory;4;97,6;0;0,2639547;0;0;404,7857;(-51.95, -0.44, 166.20);0;True;False;1;0,04789755;0,00;0,00;0,00;0;0;0;0;0;97,6;83,0;0,0;0,0;4868,6;20;0,00;0,00;False;False;4;Right;
RZ22;10;Trajectory;4;97,7;0;0,2639547;0;0;404,7857;(-51.95, -0.44, 166.20);0;True;False;1;0,04789755;0,00;0,00;0,00;0;0;0;0;0;97,7;83,1;0,0;0,0;4868,6;20;0,00;0,00;False;False;4;Right;
RZ22;10;Trajectory;4;97,8;0;0,2639547;0;0;404,7857;(-51.95, -0.44, 166.20);0;True;False;1;0,04789755;0,00;0,00;0,00;0;0;0;0;0;97,8;83,2;0,0;0,0;4868,6;20;0,00;0,00;False;False;4;Right;
RZ22;10;Trajectory;4;97,9;0;0,2639547;0;0;404,7857;(-51.95, -0.44, 166.20);0;True;False;1;0,04789755;0,00;0,00;0,00;0;0;0;0;0;97,9;83,3;0,0;0,0;4868,6;20;0,00;0,00;False;False;4;Right;
RZ22;10;Trajectory;4;98,0;0;0,2639547;0;0;404,7857;(-51.95, -0.44, 166.20);0;True;False;1;0,04789755;0,00;0,00;0,00;0;0;0;0;0;98,0;83,4;0,0;0,0;4868,6;20;0,00;0,00;False;False;4;Right;
RZ22;10;Trajectory;4;98,1;0;0,2639547;0;0;404,7857;(-51.95, -0.44, 166.20);0;True;False;1;0,04789755;0,00;0,00;0,00;0;0;0;0;0;98,1;83,5;0,0;0,0;4868,6;20;0,00;0,00;False;False;4;Right;
RZ22;10;Trajectory;4;98,2;0;0,2639547;0;0;404,7857;(-51.95, -0.44, 166.20);0;True;False;1;0,04789755;0,00;0,00;0,00;0;0;0;0;0;98,2;83,6;0,0;0,0;4868,6;20;0,00;0,00;False;False;4;Right;
RZ22;10;Trajectory;4;98,3;0;0,2639547;0;0;404,7857;(-51.95, -0.44, 166.20);0;True;False;1;0,04789755;0,00;0,00;0,00;0;0;0;0;0;98,3;83,7;0,0;0,0;4868,6;20;0,00;0,00;False;False;4;Right;
RZ22;10;Trajectory;4;98,4;0;0,2639547;0;0;404,7857;(-51.95, -0.44, 166.20);0;True;False;1;0,04789755;0,00;0,00;0,00;0;0;0;0;0;98,4;83,8;0,0;0,0;4868,6;20;0,00;0,00;False;False;4;Right;
RZ22;10;Trajectory;4;98,5;0;0,2639547;0;0;404,7857;(-51.95, -0.44, 166.20);0;True;False;1;0,04789755;0,00;0,00;0,00;0;0;0;0;0;98,5;83,9;0,0;0,0;4868,6;20;0,00;0,00;False;False;4;Right;
RZ22;10;Trajectory;4;98,6;6,975447E-05;0,2639605;0;0;404,7857;(-51.95, -0.44, 166.20);0;True;False;1;0,04785888;0,00;0,00;0,00;0;0;0;0;0;98,6;84,0;0,0;0,0;4868,6;20;0,00;0,00;False;False;4;Right;
RZ22;10;Trajectory;4;98,7;6,975447E-05;0,2639547;0;0;404,7857;(-51.95, -0.44, 166.20);0;True;False;1;0,04789755;0,00;0,00;0,00;0;0;0;0;0;98,7;84,1;0,0;0,0;4868,6;20;0,00;0,00;False;False;4;Right;
RZ22;10;Trajectory;4;98,8;0;0,2639547;0;0;404,7857;(-51.95, -0.44, 166.20);0;True;False;1;0,04789755;0,00;0,00;0,00;0;0;0;0;0;98,8;84,2;0,0;0,0;4868,6;20;0,00;0,00;False;False;4;Right;
RZ22;10;Trajectory;4;98,9;0;0,2639547;0;0;404,7857;(-51.95, -0.44, 166.20);0;True;False;1;0,04789755;0,00;0,00;0,00;0;0;0;0;0;98,9;84,3;0,0;0,0;4868,6;20;0,00;0,00;False;False;4;Right;
RZ22;10;Trajectory;4;99,0;0;0,2639547;0;0;404,7857;(-51.95, -0.44, 166.20);0;True;False;1;0,04789755;0,00;0,00;0,00;0;0;0;0;0;99,0;84,4;0,0;0,0;4868,6;20;0,00;0,00;False;False;4;Right;
RZ22;10;Trajectory;4;99,1;0;0,2639547;0;0;404,7857;(-51.95, -0.44, 166.20);0;True;False;1;0,04789755;0,00;0,00;0,00;0;0;0;0;0;99,1;84,5;0,0;0,0;4868,6;20;0,00;0,00;False;False;4;Right;
RZ22;10;Trajectory;4;99,2;6,975447E-05;0,2639489;0;0;404,7857;(-51.95, -0.44, 166.20);0;True;False;1;0,04793629;0,00;0,00;0,00;0;0;0;0;0;99,2;84,6;0,0;0,0;4868,6;20;0,00;0,00;False;False;4;Right;
RZ22;10;Trajectory;4;99,3;0;0,2639489;0;0;404,7857;(-51.95, -0.44, 166.20);0;True;False;1;0,04793629;0,00;0,00;0,00;0;0;0;0;0;99,3;84,7;0,0;0,0;4868,6;20;0,00;0,00;False;False;4;Right;
RZ22;10;Trajectory;4;99,4;0;0,2639489;0;0;404,7857;(-51.95, -0.44, 166.20);0;True;False;1;0,04793629;0,00;0,00;0,00;0;0;0;0;0;99,4;84,8;0,0;0,0;4868,6;20;0,00;0,00;False;False;4;Right;
RZ22;10;Trajectory;4;99,5;6,975447E-05;0,2639547;0;0;404,7857;(-51.95, -0.44, 166.20);0;True;False;1;0,04789755;0,00;0,00;0,00;0;0;0;0;0;99,5;84,9;0,0;0,0;4868,6;20;0,00;0,00;False;False;4;Right;
RZ22;10;Trajectory;4;99,6;0;0,2639547;0;0;404,7857;(-51.95, -0.44, 166.20);0;True;False;1;0,04789755;0,00;0,00;0,00;0;0;0;0;0;99,6;85,0;0,0;0,0;4868,6;20;0,00;0,00;False;False;4;Right;
RZ22;10;Trajectory;4;99,7;0;0,2639547;0;0;404,7857;(-51.95, -0.44, 166.20);0;True;False;1;0,04789755;0,00;0,00;0,00;0;0;0;0;0;99,7;85,1;0,0;0,0;4868,6;20;0,00;0,00;False;False;4;Right;
RZ22;10;Trajectory;4;99,8;0;0,2639547;0;0;404,7857;(-51.95, -0.44, 166.20);0;True;False;1;0,04789755;0,00;0,00;0,00;0;0;0;0;0;99,8;85,2;0,0;0,0;4868,6;20;0,00;0,00;False;False;4;Right;
RZ22;10;Trajectory;4;99,9;0;0,2639547;0;0;404,7857;(-51.95, -0.44, 166.20);0;True;False;1;0,04789755;0,00;0,00;0,00;0;0;0;0;0;99,9;85,3;0,0;0,0;4868,6;20;0,00;0,00;False;False;4;Right;
RZ22;10;Trajectory;4;100,0;0;0,2639547;0;0;404,7857;(-51.95, -0.44, 166.20);0;True;False;1;0,04789755;0,00;0,00;0,00;0;0;0;0;0;100,0;85,4;0,0;0,0;4868,6;20;0,00;0,00;False;False;4;Right;
RZ22;10;Trajectory;4;100,1;0;0,2639547;0;0;404,7857;(-51.95, -0.44, 166.20);0;True;False;1;0,04789755;0,00;0,00;0,00;0;0;0;0;0;100,1;85,5;0,0;0,0;4868,6;20;0,00;0,00;False;False;4;Right;
RZ22;10;Trajectory;4;100,2;0;0,2639547;0;0;404,7857;(-51.95, -0.44, 166.20);0;True;False;1;0,04789755;0,00;0,00;0,00;0;0;0;0;0;100,2;85,6;0,0;0,0;4868,6;20;0,00;0,00;False;False;4;Right;
RZ22;10;Trajectory;4;100,3;0;0,2639547;0;0;404,7857;(-51.95, -0.44, 166.20);0;True;False;1;0,04789755;0,00;0,00;0,00;0;0;0;0;0;100,3;85,7;0,0;0,0;4868,6;20;0,00;0,00;False;False;4;Right;
RZ22;10;Trajectory;4;100,4;0;0,2639547;0;0;404,7857;(-51.95, -0.44, 166.20);0;True;False;1;0,04789755;0,00;0,00;0,00;0;0;0;0;0;100,4;85,8;0,0;0,0;4868,6;20;0,00;0,00;False;False;4;Right;
RZ22;10;Trajectory;4;100,5;0;0,2639547;0;0;404,7857;(-51.95, -0.44, 166.20);0;True;False;1;0,04789755;0,00;0,00;0,00;0;0;0;0;0;100,5;85,9;0,0;0,0;4868,6;20;0,00;0,00;False;False;4;Right;
RZ22;10;Trajectory;4;100,6;0;0,2639547;0;0;404,7857;(-51.95, -0.44, 166.20);0;True;False;1;0,04789755;0,00;0,00;0,00;0;0;0;0;0;100,6;86,0;0,0;0,0;4868,6;20;0,00;0,00;False;False;4;Right;
RZ22;10;Trajectory;4;100,7;0;0,2639547;0;0;404,7857;(-51.95, -0.44, 166.20);0;True;False;1;0,04789755;0,00;0,00;0,00;0;0;0;0;0;100,7;86,1;0,0;0,0;4868,6;20;0,00;0,00;False;False;4;Right;
RZ22;10;Trajectory;4;100,8;0;0,2639547;0;0;404,7857;(-51.95, -0.44, 166.20);0;True;False;1;0,04789755;0,00;0,00;0,00;0;0;0;0;0;100,8;86,2;0,0;0,0;4868,6;20;0,00;0,00;False;False;4;Right;
RZ22;10;Trajectory;4;100,9;0;0,2639547;0;0;404,7857;(-51.95, -0.44, 166.20);0;True;False;1;0,04789755;0,00;0,00;0,00;0;0;0;0;0;100,9;86,3;0,0;0,0;4868,6;20;0,00;0,00;False;False;4;Right;
RZ22;10;Trajectory;4;101,0;0;0,2639547;0;0;404,7857;(-51.95, -0.44, 166.20);0;True;False;1;0,04789755;0,00;0,00;0,00;0;0;0;0;0;101,0;86,4;0,0;0,0;4868,6;20;0,00;0,00;False;False;4;Right;
RZ22;10;Trajectory;4;101,1;0;0,2639547;0;0;404,7857;(-51.95, -0.44, 166.20);0;True;False;1;0,04789755;0,00;0,00;0,00;0;0;0;0;0;101,1;86,5;0,0;0,0;4868,6;20;0,00;0,00;False;False;4;Right;
RZ22;10;Trajectory;4;101,2;0;0,2639547;0;0;404,7857;(-51.95, -0.44, 166.20);0;True;False;1;0,04789755;0,00;0,00;0,00;0;0;0;0;0;101,2;86,6;0,0;0,0;4868,6;20;0,00;0,00;False;False;4;Right;
RZ22;10;Trajectory;4;101,3;0;0,2639547;0;0;404,7857;(-51.95, -0.44, 166.20);0;True;False;1;0,04789755;0,00;0,00;0,00;0;0;0;0;0;101,3;86,7;0,0;0,0;4868,6;20;0,00;0,00;False;False;4;Right;
RZ22;10;Trajectory;4;101,4;6,975447E-05;0,2639489;0;0;404,7857;(-51.95, -0.44, 166.20);0;True;False;1;0,04793629;0,00;0,00;0,00;0;0;0;0;0;101,4;86,8;0,0;0,0;4868,6;20;0,00;0,00;False;False;4;Right;
RZ22;10;Trajectory;4;101,5;6,975447E-05;0,2639547;0;0;404,7857;(-51.95, -0.44, 166.20);0;True;False;1;0,04789755;0,00;0,00;0,00;0;0;0;0;0;101,5;86,9;0,0;0,0;4868,6;20;0,00;0,00;False;False;4;Right;
RZ22;10;Trajectory;4;101,6;0;0,2639547;0;0;404,7857;(-51.95, -0.44, 166.20);0;True;False;1;0,04789755;0,00;0,00;0,00;0;0;0;0;0;101,6;87,0;0,0;0,0;4868,6;20;0,00;0,00;False;False;4;Right;
RZ22;10;Trajectory;4;101,7;0;0,2639547;0;0;404,7857;(-51.95, -0.44, 166.20);0;True;False;1;0,04789755;0,00;0,00;0,00;0;0;0;0;0;101,7;87,1;0,0;0,0;4868,6;20;0,00;0,00;False;False;4;Right;
RZ22;10;Trajectory;4;101,8;0;0,2639547;0;0;404,7857;(-51.95, -0.44, 166.20);0;True;False;1;0,04789755;0,00;0,00;0,00;0;0;0;0;0;101,8;87,2;0,0;0,0;4868,6;20;0,00;0,00;False;False;4;Right;
RZ22;10;Trajectory;4;101,9;0;0,2639547;0;0;404,7857;(-51.95, -0.44, 166.20);0;True;False;1;0,04789755;0,00;0,00;0,00;0;0;0;0;0;101,9;87,3;0,0;0,0;4868,6;20;0,00;0,00;False;False;4;Right;
RZ22;10;Trajectory;4;102,0;0;0,2639547;0;0;404,7857;(-51.95, -0.44, 166.20);0;True;False;1;0,04789755;0,00;0,00;0,00;0;0;0;0;0;102,0;87,4;0,0;0,0;4868,6;20;0,00;0,00;False;False;4;Right;
RZ22;10;Trajectory;4;102,1;0;0,2639547;0;0;404,7857;(-51.95, -0.44, 166.20);0;True;False;1;0,04789755;0,00;0,00;0,00;0;0;0;0;0;102,1;87,5;0,0;0,0;4868,6;20;0,00;0,00;False;False;4;Right;
RZ22;10;Trajectory;4;102,2;0;0,2639547;0;0;404,7857;(-51.95, -0.44, 166.20);0;True;False;1;0,04789755;0,00;0,00;0,00;0;0;0;0;0;102,2;87,6;0,0;0,0;4868,6;20;0,00;0,00;False;False;4;Right;
RZ22;10;Trajectory;4;102,3;0;0,2639547;0;0;404,7857;(-51.95, -0.44, 166.20);0;True;False;1;0,04789755;0,00;0,00;0,00;0;0;0;0;0;102,3;87,7;0,0;0,0;4868,6;20;0,00;0,00;False;False;4;Right;
RZ22;10;Trajectory;4;102,4;0;0,2639547;0;0;404,7857;(-51.95, -0.44, 166.20);0;True;False;1;0,04789755;0,00;0,00;0,00;0;0;0;0;0;102,4;87,8;0,0;0,0;4868,6;20;0,00;0,00;False;False;4;Right;
RZ22;10;Trajectory;4;102,5;0;0,2639547;0;0;404,7857;(-51.95, -0.44, 166.20);0;True;False;1;0,04789755;0,00;0,00;0,00;0;0;0;0;0;102,5;87,9;0,0;0,0;4868,6;20;0,00;0,00;False;False;4;Right;
RZ22;10;Trajectory;4;102,6;0;0,2639547;0;0;404,7857;(-51.95, -0.44, 166.20);0;True;False;1;0,04789755;0,00;0,00;0,00;0;0;0;0;0;102,6;88,0;0,0;0,0;4868,6;20;0,00;0,00;False;False;4;Right;
RZ22;10;Trajectory;4;102,7;0;0,2639547;0;0;404,7857;(-51.95, -0.44, 166.20);0;True;False;1;0,04789755;0,00;0,00;0,00;0;0;0;0;0;102,7;88,1;0,0;0,0;4868,6;20;0,00;0,00;False;False;4;Right;
RZ22;10;Trajectory;4;102,8;0;0,2639547;0;0;404,7857;(-51.95, -0.44, 166.20);0;True;False;1;0,04789755;0,00;0,00;0,00;0;0;0;0;0;102,8;88,2;0,0;0,0;4868,6;20;0,00;0,00;False;False;4;Right;
RZ22;10;Trajectory;4;102,9;0;0,2639547;0;0;404,7857;(-51.95, -0.44, 166.20);0;True;False;1;0,04789755;0,00;0,00;0,00;0;0;0;0;0;102,9;88,3;0,0;0,0;4868,6;20;0,00;0,00;False;False;4;Right;
RZ22;10;Trajectory;4;103,0;0;0,2639547;0;0;404,7857;(-51.95, -0.44, 166.20);0;True;False;1;0,04789755;0,00;0,00;0,00;0;0;0;0;0;103,0;88,4;0,0;0,0;4868,6;20;0,00;0,00;False;False;4;Right;
RZ22;10;Trajectory;4;103,1;0;0,2639547;0;0;404,7857;(-51.95, -0.44, 166.20);0;True;False;1;0,04789755;0,00;0,00;0,00;0;0;0;0;0;103,1;88,5;0,0;0,0;4868,6;20;0,00;0,00;False;False;4;Right;
RZ22;10;Trajectory;4;103,2;0;0,2639547;0;0;404,7857;(-51.95, -0.44, 166.20);0;True;False;1;0,04789755;0,00;0,00;0,00;0;0;0;0;0;103,2;88,6;0,0;0,0;4868,6;20;0,00;0,00;False;False;4;Right;
RZ22;10;Trajectory;4;103,3;0;0,2639547;0;0;404,7857;(-51.95, -0.44, 166.20);0;True;False;1;0,04789755;0,00;0,00;0,00;0;0;0;0;0;103,3;88,7;0,0;0,0;4868,6;20;0,00;0,00;False;False;4;Right;
RZ22;10;Trajectory;4;103,4;0;0,2639547;0;0;404,7857;(-51.95, -0.44, 166.20);0;True;False;1;0,04789755;0,00;0,00;0,00;0;0;0;0;0;103,4;88,8;0,0;0,0;4868,6;20;0,00;0,00;False;False;4;Right;
RZ22;10;Trajectory;4;103,5;0;0,2639547;0;0;404,7857;(-51.95, -0.44, 166.20);0;True;False;1;0,04789755;0,00;0,00;0,00;0;0;0;0;0;103,5;88,9;0,0;0,0;4868,6;20;0,00;0,00;False;False;4;Right;
RZ22;10;Trajectory;4;103,6;0;0,2639547;0;0;404,7857;(-51.95, -0.44, 166.20);0;True;False;1;0,04789755;0,00;0,00;0,00;0;0;0;0;0;103,6;89,0;0,0;0,0;4868,6;20;0,00;0,00;False;False;4;Right;
RZ22;10;Trajectory;4;103,7;0;0,2639547;0;0;404,7857;(-51.95, -0.44, 166.20);0;True;False;1;0,04789755;0,00;0,00;0,00;0;0;0;0;0;103,7;89,1;0,0;0,0;4868,6;20;0,00;0,00;False;False;4;Right;
RZ22;10;Trajectory;4;103,8;6,975447E-05;0,2639489;0;0;404,7857;(-51.95, -0.44, 166.20);0;True;False;1;0,04793629;0,00;0,00;0,00;0;0;0;0;0;103,8;89,2;0,0;0,0;4868,6;20;0,00;0,00;False;False;4;Right;
RZ22;10;Trajectory;4;103,9;6,975447E-05;0,2639547;0;0;404,7857;(-51.95, -0.44, 166.20);0;True;False;1;0,04789755;0,00;0,00;0,00;0;0;0;0;0;103,9;89,3;0,0;0,0;4868,6;20;0,00;0,00;False;False;4;Right;
RZ22;10;Trajectory;4;104,0;6,975447E-05;0,2639489;0;0;404,7857;(-51.95, -0.44, 166.20);0;True;False;1;0,04793629;0,00;0,00;0,00;0;0;0;0;0;104,0;89,4;0,0;0,0;4868,6;20;0,00;0,00;False;False;4;Right;
RZ22;10;Trajectory;4;104,1;0,0001395089;0,2639605;0;0;404,7857;(-51.95, -0.44, 166.20);0;True;False;1;0,04785888;0,00;0,00;0,00;0;0;0;0;0;104,1;89,5;0,0;0,0;4868,6;20;0,00;0,00;False;False;4;Right;
RZ22;10;Trajectory;4;104,2;6,975447E-05;0,2639547;0;0;404,7857;(-51.95, -0.44, 166.20);0;True;False;1;0,04789755;0,00;0,00;0,00;0;0;0;0;0;104,2;89,6;0,0;0,0;4868,6;20;0,00;0,00;False;False;4;Right;
RZ22;10;Trajectory;4;104,3;0;0,2639547;0;0;404,7857;(-51.95, -0.44, 166.20);0;True;False;1;0,04789755;0,00;0,00;0,00;0;0;0;0;0;104,3;89,7;0,0;0,0;4868,6;20;0,00;0,00;False;False;4;Right;
RZ22;10;Trajectory;4;104,4;0;0,2639547;0;0;404,7857;(-51.95, -0.44, 166.20);0;True;False;1;0,04789755;0,00;0,00;0,00;0;0;0;0;0;104,4;89,8;0,0;0,0;4868,6;20;0,00;0,00;False;False;4;Right;
RZ22;10;Trajectory;4;104,5;0;0,2639547;0;0;404,7857;(-51.95, -0.44, 166.20);0;True;False;1;0,04789755;0,00;0,00;0,00;0;0;0;0;0;104,5;89,9;0,0;0,0;4868,6;20;0,00;0,00;False;False;4;Right;
RZ22;10;Trajectory;4;104,6;0;0,2639547;0;0;404,7857;(-51.95, -0.44, 166.20);0;True;False;1;0,04789755;0,00;0,00;0,00;0;0;0;0;0;104,6;90,0;0,0;0,0;4868,6;20;0,00;0,00;False;False;4;Right;
RZ22;10;Trajectory;4;104,7;0;0,2639547;0;0;404,7857;(-51.95, -0.44, 166.20);0;True;False;1;0,04789755;0,00;0,00;0,00;0;0;0;0;0;104,7;90,1;0,0;0,0;4868,6;20;0,00;0,00;False;False;4;Right;
RZ22;10;Trajectory;4;104,8;0;0,2639547;0;0;404,7857;(-51.95, -0.44, 166.20);0;True;False;1;0,04789755;0,00;0,00;0,00;0;0;0;0;0;104,8;90,2;0,0;0,0;4868,6;20;0,00;0,00;False;False;4;Right;
RZ22;10;Trajectory;4;104,9;0;0,2639547;0;0;404,7857;(-51.95, -0.44, 166.20);0;True;False;1;0,04789755;0,00;0,00;0,00;0;0;0;0;0;104,9;90,3;0,0;0,0;4868,6;20;0,00;0,00;False;False;4;Right;
RZ22;10;Trajectory;4;105,0;0;0,2639547;0;0;404,7857;(-51.95, -0.44, 166.20);0;True;False;1;0,04789755;0,00;0,00;0,00;0;0;0;0;0;105,0;90,4;0,0;0,0;4868,6;20;0,00;0,00;False;False;4;Right;
RZ22;10;Trajectory;4;105,1;0;0,2639547;0;0;404,7857;(-51.95, -0.44, 166.20);0;True;False;1;0,04789755;0,00;0,00;0,00;0;0;0;0;0;105,1;90,5;0,0;0,0;4868,6;20;0,00;0,00;False;False;4;Right;
RZ22;10;Trajectory;4;105,2;0;0,2639547;0;0;404,7857;(-51.95, -0.44, 166.20);0;True;False;1;0,04789755;0,00;0,00;0,00;0;0;0;0;0;105,2;90,6;0,0;0,0;4868,6;20;0,00;0,00;False;False;4;Right;
RZ22;10;Trajectory;4;105,3;0;0,2639547;0;0;404,7857;(-51.95, -0.44, 166.20);0;True;False;1;0,04789755;0,00;0,00;0,00;0;0;0;0;0;105,3;90,7;0,0;0,0;4868,6;20;0,00;0,00;False;False;4;Right;
RZ22;10;Trajectory;4;105,4;0;0,2639547;0;0;404,7857;(-51.95, -0.44, 166.20);0;True;False;1;0,04789755;0,00;0,00;0,00;0;0;0;0;0;105,4;90,8;0,0;0,0;4868,6;20;0,00;0,00;False;False;4;Right;
RZ22;10;Trajectory;4;105,5;0;0,2639547;0;0;404,7857;(-51.95, -0.44, 166.20);0;True;False;1;0,04789755;0,00;0,00;0,00;0;0;0;0;0;105,5;90,9;0,0;0,0;4868,6;20;0,00;0,00;False;False;4;Right;
RZ22;10;Trajectory;4;105,6;0;0,2639547;0;0;404,7857;(-51.95, -0.44, 166.20);0;True;False;1;0,04789755;0,00;0,00;0,00;0;0;0;0;0;105,6;91,0;0,0;0,0;4868,6;20;0,00;0,00;False;False;4;Right;
RZ22;10;Trajectory;4;105,7;0;0,2639547;0;0;404,7857;(-51.95, -0.44, 166.20);0;True;False;1;0,04789755;0,00;0,00;0,00;0;0;0;0;0;105,7;91,1;0,0;0,0;4868,6;20;0,00;0,00;False;False;4;Right;
RZ22;10;Trajectory;4;105,8;0;0,2639547;0;0;404,7857;(-51.95, -0.44, 166.20);0;True;False;1;0,04789755;0,00;0,00;0,00;0;0;0;0;0;105,8;91,2;0,0;0,0;4868,6;20;0,00;0,00;False;False;4;Right;
RZ22;10;Trajectory;4;105,9;0;0,2639547;0;0;404,7857;(-51.95, -0.44, 166.20);0;True;False;1;0,04789755;0,00;0,00;0,00;0;0;0;0;0;105,9;91,3;0,0;0,0;4868,6;20;0,00;0,00;False;False;4;Right;
RZ22;10;Trajectory;4;106,0;0;0,2639547;0;0;404,7857;(-51.95, -0.44, 166.20);0;True;False;1;0,04789755;0,00;0,00;0,00;0;0;0;0;0;106,0;91,4;0,0;0,0;4868,6;20;0,00;0,00;False;False;4;Right;
RZ22;10;Trajectory;4;106,1;0;0,2639547;0;0;404,7857;(-51.95, -0.44, 166.20);0;True;False;1;0,04789755;0,00;0,00;0,00;0;0;0;0;0;106,1;91,5;0,0;0,0;4868,6;20;0,00;0,00;False;False;4;Right;
RZ22;10;Trajectory;4;106,2;0;0,2639547;0;0;404,7857;(-51.95, -0.44, 166.20);0;True;False;1;0,04789755;0,00;0,00;0,00;0;0;0;0;0;106,2;91,6;0,0;0,0;4868,6;20;0,00;0,00;False;False;4;Right;
RZ22;10;Trajectory;4;106,3;0;0,2639547;0;0;404,7857;(-51.95, -0.44, 166.20);0;True;False;1;0,04789755;0,00;0,00;0,00;0;0;0;0;0;106,3;91,7;0,0;0,0;4868,6;20;0,00;0,00;False;False;4;Right;
RZ22;10;Trajectory;4;106,4;0;0,2639547;0;0;404,7857;(-51.95, -0.44, 166.20);0;True;False;1;0,04789755;0,00;0,00;0,00;0;0;0;0;0;106,4;91,8;0,0;0,0;4868,6;20;0,00;0,00;False;False;4;Right;
RZ22;10;Trajectory;4;106,5;0;0,2639547;0;0;404,7857;(-51.95, -0.44, 166.20);0;True;False;1;0,04789755;0,00;0,00;0,00;0;0;0;0;0;106,5;91,9;0,0;0,0;4868,6;20;0,00;0,00;False;False;4;Right;
RZ22;10;Trajectory;4;106,6;0;0,2639547;0;0;404,7857;(-51.95, -0.44, 166.20);0;True;False;1;0,04789755;0,00;0,00;0,00;0;0;0;0;0;106,6;92,0;0,0;0,0;4868,6;20;0,00;0,00;False;False;4;Right;
RZ22;10;Trajectory;4;106,7;0;0,2639547;0;0;404,7857;(-51.95, -0.44, 166.20);0;True;False;1;0,04789755;0,00;0,00;0,00;0;0;0;0;0;106,7;92,1;0,0;0,0;4868,6;20;0,00;0,00;False;False;4;Right;
RZ22;10;Trajectory;4;106,8;0;0,2639547;0;0;404,7857;(-51.95, -0.44, 166.20);0;True;False;1;0,04789755;0,00;0,00;0,00;0;0;0;0;0;106,8;92,2;0,0;0,0;4868,6;20;0,00;0,00;False;False;4;Right;
RZ22;10;Trajectory;4;106,9;0;0,2639547;0;0;404,7857;(-51.95, -0.44, 166.20);0;True;False;1;0,04789755;0,00;0,00;0,00;0;0;0;0;0;106,9;92,3;0,0;0,0;4868,6;20;0,00;0,00;False;False;4;Right;
RZ22;10;Trajectory;4;107,0;0;0,2639547;0;0;404,7857;(-51.95, -0.44, 166.20);0;True;False;1;0,04789755;0,00;0,00;0,00;0;0;0;0;0;107,0;92,4;0,0;0,0;4868,6;20;0,00;0,00;False;False;4;Right;
RZ22;10;Trajectory;4;107,1;0;0,2639547;0;0;404,7857;(-51.95, -0.44, 166.20);0;True;False;1;0,04789755;0,00;0,00;0,00;0;0;0;0;0;107,1;92,5;0,0;0,0;4868,6;20;0,00;0,00;False;False;4;Right;
RZ22;10;Trajectory;4;107,2;0;0,2639547;0;0;404,7857;(-51.95, -0.44, 166.20);0;True;False;1;0,04789755;0,00;0,00;0,00;0;0;0;0;0;107,2;92,6;0,0;0,0;4868,6;20;0,00;0,00;False;False;4;Right;
RZ22;10;Trajectory;4;107,3;0;0,2639547;0;0;404,7857;(-51.95, -0.44, 166.20);0;True;False;1;0,04789755;0,00;0,00;0,00;0;0;0;0;0;107,3;92,7;0,0;0,0;4868,6;20;0,00;0,00;False;False;4;Right;
RZ22;10;Trajectory;4;107,4;0;0,2639547;0;0;404,7857;(-51.95, -0.44, 166.20);0;True;False;1;0,04789755;0,00;0,00;0,00;0;0;0;0;0;107,4;92,8;0,0;0,0;4868,6;20;0,00;0,00;False;False;4;Right;
RZ22;10;Trajectory;4;107,5;0;0,2639547;0;0;404,7857;(-51.95, -0.44, 166.20);0;True;False;1;0,04789755;0,00;0,00;0,00;0;0;0;0;0;107,5;92,9;0,0;0,0;4868,6;20;0,00;0,00;False;False;4;Right;
RZ22;10;Trajectory;4;107,6;0;0,2639547;0;0;404,7857;(-51.95, -0.44, 166.20);0;True;False;1;0,04789755;0,00;0,00;0,00;0;0;0;0;0;107,6;93,0;0,0;0,0;4868,6;20;0,00;0,00;False;False;4;Right;
RZ22;10;Trajectory;4;107,7;0;0,2639547;0;0;404,7857;(-51.95, -0.44, 166.20);0;True;False;1;0,04789755;0,00;0,00;0,00;0;0;0;0;0;107,7;93,1;0,0;0,0;4868,6;20;0,00;0,00;False;False;4;Right;
RZ22;10;Trajectory;4;107,8;0;0,2639547;0;0;404,7857;(-51.95, -0.44, 166.20);0;True;False;1;0,04789755;0,00;0,00;0,00;0;0;0;0;0;107,8;93,2;0,0;0,0;4868,6;20;0,00;0,00;False;False;4;Right;
RZ22;10;Trajectory;4;107,9;0;0,2639547;0;0;404,7857;(-51.95, -0.44, 166.20);0;True;False;1;0,04789755;0,00;0,00;0,00;0;0;0;0;0;107,9;93,3;0,0;0,0;4868,6;20;0,00;0,00;False;False;4;Right;
RZ22;10;Trajectory;4;108,0;0;0,2639547;0;0;404,7857;(-51.95, -0.44, 166.20);0;True;False;1;0,04789755;0,00;0,00;0,00;0;0;0;0;0;108,0;93,4;0,0;0,0;4868,6;20;0,00;0,00;False;False;4;Right;
RZ22;10;Trajectory;4;108,1;0;0,2639547;0;0;404,7857;(-51.95, -0.44, 166.20);0;True;False;1;0,04789755;0,00;0,00;0,00;0;0;0;0;0;108,1;93,5;0,0;0,0;4868,6;20;0,00;0,00;False;False;4;Right;
RZ22;10;Trajectory;4;108,2;0;0,2639547;0;0;404,7857;(-51.95, -0.44, 166.20);0;True;False;1;0,04789755;0,00;0,00;0,00;0;0;0;0;0;108,2;93,6;0,0;0,0;4868,6;20;0,00;0,00;False;False;4;Right;
RZ22;10;Trajectory;4;108,3;0;0,2639547;0;0;404,7857;(-51.95, -0.44, 166.20);0;True;False;1;0,04789755;0,00;0,00;0,00;0;0;0;0;0;108,3;93,7;0,0;0,0;4868,6;20;0,00;0,00;False;False;4;Right;
RZ22;10;Trajectory;4;108,4;0;0,2639547;0;0;404,7857;(-51.95, -0.44, 166.20);0;True;False;1;0,04789755;0,00;0,00;0,00;0;0;0;0;0;108,4;93,8;0,0;0,0;4868,6;20;0,00;0,00;False;False;4;Right;
RZ22;10;Trajectory;4;108,5;0;0,2639547;0;0;404,7857;(-51.95, -0.44, 166.20);0;True;False;1;0,04789755;0,00;0,00;0,00;0;0;0;0;0;108,5;93,9;0,0;0,0;4868,6;20;0,00;0,00;False;False;4;Right;
RZ22;10;Trajectory;4;108,6;0;0,2639547;0;0;404,7857;(-51.95, -0.44, 166.20);0;True;False;1;0,04789755;0,00;0,00;0,00;0;0;0;0;0;108,6;94,0;0,0;0,0;4868,6;20;0,00;0,00;False;False;4;Right;
RZ22;10;Trajectory;4;108,7;0;0,2639547;0;0;404,7857;(-51.95, -0.44, 166.20);0;True;False;1;0,04789755;0,00;0,00;0,00;0;0;0;0;0;108,7;94,1;0,0;0,0;4868,6;20;0,00;0,00;False;False;4;Right;
RZ22;10;Trajectory;4;108,8;0;0,2639547;0;0;404,7857;(-51.95, -0.44, 166.20);0;True;False;1;0,04789755;0,00;0,00;0,00;0;0;0;0;0;108,8;94,2;0,0;0,0;4868,6;20;0,00;0,00;False;False;4;Right;
RZ22;10;Trajectory;4;108,9;6,975447E-05;0,2639489;0;0;404,7857;(-51.95, -0.44, 166.20);0;True;False;1;0,04793629;0,00;0,00;0,00;0;0;0;0;0;108,9;94,3;0,0;0,0;4868,6;20;0,00;0,00;False;False;4;Right;
RZ22;10;Trajectory;4;109,0;6,975447E-05;0,2639547;0;0;404,7857;(-51.95, -0.44, 166.20);0;True;False;1;0,04789755;0,00;0,00;0,00;0;0;0;0;0;109,0;94,4;0,0;0,0;4868,6;20;0,00;0,00;False;False;4;Right;
RZ22;10;Trajectory;4;109,1;0;0,2639547;0;0;404,7857;(-51.95, -0.44, 166.20);0;True;False;1;0,04789755;0,00;0,00;0,00;0;0;0;0;0;109,1;94,5;0,0;0,0;4868,6;20;0,00;0,00;False;False;4;Right;
RZ22;10;Trajectory;4;109,2;6,975447E-05;0,2639605;0;0;404,7857;(-51.95, -0.44, 166.20);0;True;False;1;0,04785888;0,00;0,00;0,00;0;0;0;0;0;109,2;94,6;0,0;0,0;4868,6;20;0,00;0,00;False;False;4;Right;
RZ22;10;Trajectory;4;109,3;6,975447E-05;0,2639547;0;0;404,7857;(-51.95, -0.44, 166.20);0;True;False;1;0,04789755;0,00;0,00;0,00;0;0;0;0;0;109,3;94,7;0,0;0,0;4868,6;20;0,00;0,00;False;False;4;Right;
RZ22;10;Trajectory;4;109,4;0;0,2639547;0;0;404,7857;(-51.95, -0.44, 166.20);0;True;False;1;0,04789755;0,00;0,00;0,00;0;0;0;0;0;109,4;94,8;0,0;0,0;4868,6;20;0,00;0,00;False;False;4;Right;
RZ22;10;Trajectory;4;109,5;0;0,2639547;0;0;404,7857;(-51.95, -0.44, 166.20);0;True;False;1;0,04789755;0,00;0,00;0,00;0;0;0;0;0;109,5;94,9;0,0;0,0;4868,6;20;0,00;0,00;False;False;4;Right;
RZ22;10;Trajectory;4;109,6;0;0,2639547;0;0;404,7857;(-51.95, -0.44, 166.20);0;True;False;1;0,04789755;0,00;0,00;0,00;0;0;0;0;0;109,6;95,0;0,0;0,0;4868,6;20;0,00;0,00;False;False;4;Right;
RZ22;10;Trajectory;4;109,7;0;0,2639547;0;0;404,7857;(-51.95, -0.44, 166.20);0;True;False;1;0,04789755;0,00;0,00;0,00;0;0;0;0;0;109,7;95,1;0,0;0,0;4868,6;20;0,00;0,00;False;False;4;Right;
RZ22;10;Trajectory;4;109,8;0;0,2639547;0;0;404,7857;(-51.95, -0.44, 166.20);0;True;False;1;0,04789755;0,00;0,00;0,00;0;0;0;0;0;109,8;95,2;0,0;0,0;4868,6;20;0,00;0,00;False;False;4;Right;
RZ22;10;Trajectory;4;109,9;0;0,2639547;0;0;404,7857;(-51.95, -0.44, 166.20);0;True;False;1;0,04789755;0,00;0,00;0,00;0;0;0;0;0;109,9;95,3;0,0;0,0;4868,6;20;0,00;0,00;False;False;4;Right;
RZ22;10;Trajectory;4;110,0;0;0,2639547;0;0;404,7857;(-51.95, -0.44, 166.20);0;True;False;1;0,04789755;0,00;0,00;0,00;0;0;0;0;0;110,0;95,4;0,0;0,0;4868,6;20;0,00;0,00;False;False;4;Right;
RZ22;10;Trajectory;4;110,1;6,975447E-05;0,2639489;0;0;404,7857;(-51.95, -0.44, 166.20);0;True;False;1;0,04793629;0,00;0,00;0,00;0;0;0;0;0;110,1;95,5;0,0;0,0;4868,6;20;0,00;0,00;False;False;4;Right;
RZ22;10;Trajectory;4;110,2;0;0,2639489;0;0;404,7857;(-51.95, -0.44, 166.20);0;True;False;1;0,04793629;0,00;0,00;0,00;0;0;0;0;0;110,2;95,6;0,0;0,0;4868,6;20;0,00;0,00;False;False;4;Right;
RZ22;10;Trajectory;4;110,3;0;0,2639489;0;0;404,7857;(-51.95, -0.44, 166.20);0;True;False;1;0,04793629;0,00;0,00;0,00;0;0;0;0;0;110,3;95,7;0,0;0,0;4868,6;20;0,00;0,00;False;False;4;Right;
RZ22;10;Trajectory;4;110,4;6,975447E-05;0,2639547;0;0;404,7857;(-51.95, -0.44, 166.20);0;True;False;1;0,04789755;0,00;0,00;0,00;0;0;0;0;0;110,4;95,8;0,0;0,0;4868,6;20;0,00;0,00;False;False;4;Right;
RZ22;10;Trajectory;4;110,5;0;0,2639547;0;0;404,7857;(-51.95, -0.44, 166.20);0;True;False;1;0,04789755;0,00;0,00;0,00;0;0;0;0;0;110,5;95,9;0,0;0,0;4868,6;20;0,00;0,00;False;False;4;Right;
RZ22;10;Trajectory;4;110,6;0;0,2639547;0;0;404,7857;(-51.95, -0.44, 166.20);0;True;False;1;0,04789755;0,00;0,00;0,00;0;0;0;0;0;110,6;96,0;0,0;0,0;4868,6;20;0,00;0,00;False;False;4;Right;
RZ22;10;Trajectory;4;110,7;0;0,2639547;0;0;404,7857;(-51.95, -0.44, 166.20);0;True;False;1;0,04789755;0,00;0,00;0,00;0;0;0;0;0;110,7;96,1;0,0;0,0;4868,6;20;0,00;0,00;False;False;4;Right;
RZ22;10;Trajectory;4;110,8;0;0,2639547;0;0;404,7857;(-51.95, -0.44, 166.20);0;True;False;1;0,04789755;0,00;0,00;0,00;0;0;0;0;0;110,8;96,2;0,0;0,0;4868,6;20;0,00;0,00;False;False;4;Right;
RZ22;10;Trajectory;4;110,9;0;0,2639547;0;0;404,7857;(-51.95, -0.44, 166.20);0;True;False;1;0,04789755;0,00;0,00;0,00;0;0;0;0;0;110,9;96,3;0,0;0,0;4868,6;20;0,00;0,00;False;False;4;Right;
RZ22;10;Trajectory;4;111,0;0;0,2639547;0;0;404,7857;(-51.95, -0.44, 166.20);0;True;False;1;0,04789755;0,00;0,00;0,00;0;0;0;0;0;111,0;96,4;0,0;0,0;4868,6;20;0,00;0,00;False;False;4;Right;
RZ22;10;Trajectory;4;111,1;0;0,2639547;0;0;404,7857;(-51.95, -0.44, 166.20);0;True;False;1;0,04789755;0,00;0,00;0,00;0;0;0;0;0;111,1;96,5;0,0;0,0;4868,6;20;0,00;0,00;False;False;4;Right;
RZ22;10;Trajectory;4;111,2;6,975447E-05;0,2639489;0;0;404,7857;(-51.95, -0.44, 166.20);0;True;False;1;0,04793629;0,00;0,00;0,00;0;0;0;0;0;111,2;96,6;0,0;0,0;4868,6;20;0,00;0,00;False;False;4;Right;
RZ22;10;Trajectory;4;111,3;6,975447E-05;0,2639547;0;0;404,7857;(-51.95, -0.44, 166.20);0;True;False;1;0,04789755;0,00;0,00;0,00;0;0;0;0;0;111,3;96,7;0,0;0,0;4868,6;20;0,00;0,00;False;False;4;Right;
RZ22;10;Trajectory;4;111,4;0;0,2639547;0;0;404,7857;(-51.95, -0.44, 166.20);0;True;False;1;0,04789755;0,00;0,00;0,00;0;0;0;0;0;111,4;96,8;0,0;0,0;4868,6;20;0,00;0,00;False;False;4;Right;
RZ22;10;Trajectory;4;111,5;0;0,2639547;0;0;404,7857;(-51.95, -0.44, 166.20);0;True;False;1;0,04789755;0,00;0,00;0,00;0;0;0;0;0;111,5;96,9;0,0;0,0;4868,6;20;0,00;0,00;False;False;4;Right;
RZ22;10;Trajectory;4;111,6;0;0,2639547;0;0;404,7857;(-51.95, -0.44, 166.20);0;True;False;1;0,04789755;0,00;0,00;0,00;0;0;0;0;0;111,6;97,0;0,0;0,0;4868,6;20;0,00;0,00;False;False;4;Right;
RZ22;10;Trajectory;4;111,7;0;0,2639547;0;0;404,7857;(-51.95, -0.44, 166.20);0;True;False;1;0,04789755;0,00;0,00;0,00;0;0;0;0;0;111,7;97,1;0,0;0,0;4868,6;20;0,00;0,00;False;False;4;Right;
RZ22;10;Trajectory;4;111,8;0;0,2639547;0;0;404,7857;(-51.95, -0.44, 166.20);0;True;False;1;0,04789755;0,00;0,00;0,00;0;0;0;0;0;111,8;97,2;0,0;0,0;4868,6;20;0,00;0,00;False;False;4;Right;
RZ22;10;Trajectory;4;111,9;0;0,2639547;0;0;404,7857;(-51.95, -0.44, 166.20);0;True;False;1;0,04789755;0,00;0,00;0,00;0;0;0;0;0;111,9;97,3;0,0;0,0;4868,6;20;0,00;0,00;False;False;4;Right;
RZ22;10;Trajectory;4;112,0;0;0,2639547;0;0;404,7857;(-51.95, -0.44, 166.20);0;True;False;1;0,04789755;0,00;0,00;0,00;0;0;0;0;0;112,0;97,4;0,0;0,0;4868,6;20;0,00;0,00;False;False;4;Right;
RZ22;10;Trajectory;4;112,1;0;0,2639547;0;0;404,7857;(-51.95, -0.44, 166.20);0;True;False;1;0,04789755;0,00;0,00;0,00;0;0;0;0;0;112,1;97,5;0,0;0,0;4868,6;20;0,00;0,00;False;False;4;Right;
RZ22;10;Trajectory;4;112,2;0;0,2639547;0;0;404,7857;(-51.95, -0.44, 166.20);0;True;False;1;0,04789755;0,00;0,00;0,00;0;0;0;0;0;112,2;97,6;0,0;0,0;4868,6;20;0,00;0,00;False;False;4;Right;
RZ22;10;Trajectory;4;112,3;0;0,2639547;0;0;404,7857;(-51.95, -0.44, 166.20);0;True;False;1;0,04789755;0,00;0,00;0,00;0;0;0;0;0;112,3;97,7;0,0;0,0;4868,6;20;0,00;0,00;False;False;4;Right;
RZ22;10;Trajectory;4;112,4;0;0,2639547;0;0;404,7857;(-51.95, -0.44, 166.20);0;True;False;1;0,04789755;0,00;0,00;0,00;0;0;0;0;0;112,4;97,8;0,0;0,0;4868,6;20;0,00;0,00;False;False;4;Right;
RZ22;10;Trajectory;4;112,5;0;0,2639547;0;0;404,7857;(-51.95, -0.44, 166.20);0;True;False;1;0,04789755;0,00;0,00;0,00;0;0;0;0;0;112,5;97,9;0,0;0,0;4868,6;20;0,00;0,00;False;False;4;Right;
RZ22;10;Trajectory;4;112,6;0;0,2639547;0;0;404,7857;(-51.95, -0.44, 166.20);0;True;False;1;0,04789755;0,00;0,00;0,00;0;0;0;0;0;112,6;98,0;0,0;0,0;4868,6;20;0,00;0,00;False;False;4;Right;
RZ22;10;Trajectory;4;112,7;0;0,2639547;0;0;404,7857;(-51.95, -0.44, 166.20);0;True;False;1;0,04789755;0,00;0,00;0,00;0;0;0;0;0;112,7;98,1;0,0;0,0;4868,6;20;0,00;0,00;False;False;4;Right;
RZ22;10;Trajectory;4;112,8;0;0,2639547;0;0;404,7857;(-51.95, -0.44, 166.20);0;True;False;1;0,04789755;0,00;0,00;0,00;0;0;0;0;0;112,8;98,2;0,0;0,0;4868,6;20;0,00;0,00;False;False;4;Right;
RZ22;10;Trajectory;4;112,9;6,975447E-05;0,2639605;0;0;404,7857;(-51.95, -0.44, 166.20);0;True;False;1;0,04785888;0,00;0,00;0,00;0;0;0;0;0;112,9;98,3;0,0;0,0;4868,6;20;0,00;0,00;False;False;4;Right;
RZ22;10;Trajectory;4;113,0;0,0001395089;0,2639489;0;0;404,7857;(-51.95, -0.44, 166.20);0;True;False;1;0,04793629;0,00;0,00;0,00;0;0;0;0;0;113,0;98,4;0,0;0,0;4868,6;20;0,00;0,00;False;False;4;Right;
RZ22;10;Trajectory;4;113,1;0;0,2639489;0;0;404,7857;(-51.95, -0.44, 166.20);0;True;False;1;0,04793629;0,00;0,00;0,00;0;0;0;0;0;113,1;98,5;0,0;0,0;4868,6;20;0,00;0,00;False;False;4;Right;
RZ22;10;Trajectory;4;113,2;0,0001395089;0,2639605;0;0;404,7857;(-51.95, -0.44, 166.20);0;True;False;1;0,04785888;0,00;0,00;0,00;0;0;0;0;0;113,2;98,6;0,0;0,0;4868,6;20;0,00;0,00;False;False;4;Right;
RZ22;10;Trajectory;4;113,3;0,0001395089;0,2639489;0;0;404,7857;(-51.95, -0.44, 166.20);0;True;False;1;0,04793629;0,00;0,00;0,00;0;0;0;0;0;113,3;98,7;0,0;0,0;4868,6;20;0,00;0,00;False;False;4;Right;
RZ22;10;Trajectory;4;113,4;6,975447E-05;0,2639547;0;0;404,7857;(-51.95, -0.44, 166.20);0;True;False;1;0,04789755;0,00;0,00;0,00;0;0;0;0;0;113,4;98,8;0,0;0,0;4868,6;20;0,00;0,00;False;False;4;Right;
RZ22;10;Trajectory;4;113,5;0;0,2639547;0;0;404,7857;(-51.95, -0.44, 166.20);0;True;False;1;0,04789755;0,00;0,00;0,00;0;0;0;0;0;113,5;98,9;0,0;0,0;4868,6;20;0,00;0,00;False;False;4;Right;
RZ22;10;Trajectory;4;113,6;0;0,2639547;0;0;404,7857;(-51.95, -0.44, 166.20);0;True;False;1;0,04789755;0,00;0,00;0,00;0;0;0;0;0;113,6;99,0;0,0;0,0;4868,6;20;0,00;0,00;False;False;4;Right;
RZ22;10;Trajectory;4;113,7;6,975447E-05;0,2639489;0;0;404,7857;(-51.95, -0.44, 166.20);0;True;False;1;0,04793629;0,00;0,00;0,00;0;0;0;0;0;113,7;99,1;0,0;0,0;4868,6;20;0,00;0,00;False;False;4;Right;
RZ22;10;Trajectory;4;113,8;6,975447E-05;0,2639547;0;0;404,7857;(-51.95, -0.44, 166.20);0;True;False;1;0,04789755;0,00;0,00;0,00;0;0;0;0;0;113,8;99,2;0,0;0,0;4868,6;20;0,00;0,00;False;False;4;Right;
RZ22;10;Trajectory;4;113,9;0;0,2639547;0;0;404,7857;(-51.95, -0.44, 166.20);0;True;False;1;0,04789755;0,00;0,00;0,00;0;0;0;0;0;113,9;99,3;0,0;0,0;4868,6;20;0,00;0,00;False;False;4;Right;
RZ22;10;Trajectory;4;114,0;0;0,2639547;0;0;404,7857;(-51.95, -0.44, 166.20);0;True;False;1;0,04789755;0,00;0,00;0,00;0;0;0;0;0;114,0;99,4;0,0;0,0;4868,6;20;0,00;0,00;False;False;4;Right;
RZ22;10;Trajectory;4;114,1;0;0,2639547;0;0;404,7857;(-51.95, -0.44, 166.20);0;True;False;1;0,04789755;0,00;0,00;0,00;0;0;0;0;0;114,1;99,5;0,0;0,0;4868,6;20;0,00;0,00;False;False;4;Right;
RZ22;10;Trajectory;4;114,2;0;0,2639547;0;0;404,7857;(-51.95, -0.44, 166.20);0;True;False;1;0,04789755;0,00;0,00;0,00;0;0;0;0;0;114,2;99,6;0,0;0,0;4868,6;20;0,00;0,00;False;False;4;Right;
RZ22;10;Trajectory;4;114,3;0;0,2639547;0;0;404,7857;(-51.95, -0.44, 166.20);0;True;False;1;0,04789755;0,00;0,00;0,00;0;0;0;0;0;114,3;99,7;0,0;0,0;4868,6;20;0,00;0,00;False;False;4;Right;
RZ22;10;Trajectory;4;114,4;0;0,2639547;0;0;404,7857;(-51.95, -0.44, 166.20);0;True;False;1;0,04789755;0,00;0,00;0,00;0;0;0;0;0;114,4;99,8;0,0;0,0;4868,6;20;0,00;0,00;False;False;4;Right;
RZ22;10;Trajectory;4;114,5;0;0,2639547;0;0;404,7857;(-51.95, -0.44, 166.20);0;True;False;1;0,04789755;0,00;0,00;0,00;0;0;0;0;0;114,5;99,9;0,0;0,0;4868,6;20;0,00;0,00;False;False;4;Right;
RZ22;10;Trajectory;4;114,6;0;0,2639547;0;0;404,7857;(-51.95, -0.44, 166.20);0;True;False;1;0,04789755;0,00;0,00;0,00;0;0;0;0;0;114,6;100,0;0,0;0,0;4868,6;20;0,00;0,00;False;False;4;Right;
RZ22;10;Trajectory;4;114,7;0;0,2639547;0;0;404,7857;(-51.95, -0.44, 166.20);0;True;False;1;0,04789755;0,00;0,00;0,00;0;0;0;0;0;114,7;100,1;0,0;0,0;4868,6;20;0,00;0,00;False;False;4;Right;
RZ22;10;Trajectory;4;114,8;0;0,2639547;0;0;404,7857;(-51.95, -0.44, 166.20);0;True;False;1;0,04789755;0,00;0,00;0,00;0;0;0;0;0;114,8;100,2;0,0;0,0;4868,6;20;0,00;0,00;False;False;4;Right;
RZ22;10;Trajectory;4;114,9;0;0,2639547;0;0;404,7857;(-51.95, -0.44, 166.20);0;True;False;1;0,04789755;0,00;0,00;0,00;0;0;0;0;0;114,9;100,3;0,0;0,0;4868,6;20;0,00;0,00;False;False;4;Right;
RZ22;10;Trajectory;4;115,0;0;0,2639547;0;0;404,7857;(-51.95, -0.44, 166.20);0;True;False;1;0,04789755;0,00;0,00;0,00;0;0;0;0;0;115,0;100,4;0,0;0,0;4868,6;20;0,00;0,00;False;False;4;Right;
RZ22;10;Trajectory;4;115,1;0;0,2639547;0;0;404,7857;(-51.95, -0.44, 166.20);0;True;False;1;0,04789755;0,00;0,00;0,00;0;0;0;0;0;115,1;100,5;0,0;0,0;4868,6;20;0,00;0,00;False;False;4;Right;
RZ22;10;Trajectory;4;115,2;0;0,2639547;0;0;404,7857;(-51.95, -0.44, 166.20);0;True;False;1;0,04789755;0,00;0,00;0,00;0;0;0;0;0;115,2;100,6;0,0;0,0;4868,6;20;0,00;0,00;False;False;4;Right;
RZ22;10;Trajectory;4;115,3;0;0,2639547;0;0;404,7857;(-51.95, -0.44, 166.20);0;True;False;1;0,04789755;0,00;0,00;0,00;0;0;0;0;0;115,3;100,7;0,0;0,0;4868,6;20;0,00;0,00;False;False;4;Right;
RZ22;10;Trajectory;4;115,4;0;0,2639547;0;0;404,7857;(-51.95, -0.44, 166.20);0;True;False;1;0,04789755;0,00;0,00;0,00;0;0;0;0;0;115,4;100,8;0,0;0,0;4868,6;20;0,00;0,00;False;False;4;Right;
RZ22;10;Trajectory;4;115,5;0;0,2639547;0;0;404,7857;(-51.95, -0.44, 166.20);0;True;False;1;0,04789755;0,00;0,00;0,00;0;0;0;0;0;115,5;100,9;0,0;0,0;4868,6;20;0,00;0,00;False;False;4;Right;
RZ22;10;Trajectory;4;115,6;0;0,2639547;0;0;404,7857;(-51.95, -0.44, 166.20);0;True;False;1;0,04789755;0,00;0,00;0,00;0;0;0;0;0;115,6;101,0;0,0;0,0;4868,6;20;0,00;0,00;False;False;4;Right;
RZ22;10;Trajectory;4;115,7;0;0,2639547;0;0;404,7857;(-51.95, -0.44, 166.20);0;True;False;1;0,04789755;0,00;0,00;0,00;0;0;0;0;0;115,7;101,1;0,0;0,0;4868,6;20;0,00;0,00;False;False;4;Right;
RZ22;10;Trajectory;4;115,8;6,975447E-05;0,2639489;0;0;404,7857;(-51.95, -0.44, 166.20);0;True;False;1;0,04793629;0,00;0,00;0,00;0;0;0;0;0;115,8;101,2;0,0;0,0;4868,6;20;0,00;0,00;False;False;4;Right;
RZ22;10;Trajectory;4;115,9;0;0,2639489;0;0;404,7857;(-51.95, -0.44, 166.20);0;True;False;1;0,04793629;0,00;0,00;0,00;0;0;0;0;0;115,9;101,3;0,0;0,0;4868,6;20;0,00;0,00;False;False;4;Right;
RZ22;10;Trajectory;4;116,0;6,975447E-05;0,2639547;0;0;404,7857;(-51.95, -0.44, 166.20);0;True;False;1;0,04789755;0,00;0,00;0,00;0;0;0;0;0;116,0;101,4;0,0;0,0;4868,6;20;0,00;0,00;False;False;4;Right;
RZ22;10;Trajectory;4;116,1;6,975447E-05;0,2639605;0;0;404,7857;(-51.95, -0.44, 166.20);0;True;False;1;0,04785888;0,00;0,00;0,00;0;0;0;0;0;116,1;101,5;0,0;0,0;4868,6;20;0,00;0,00;False;False;4;Right;
RZ22;10;Trajectory;4;116,2;6,975447E-05;0,2639547;0;0;404,7857;(-51.95, -0.44, 166.20);0;True;False;1;0,04789755;0,00;0,00;0,00;0;0;0;0;0;116,2;101,6;0,0;0,0;4868,6;20;0,00;0,00;False;False;4;Right;
RZ22;10;Trajectory;4;116,3;0;0,2639547;0;0;404,7857;(-51.95, -0.44, 166.20);0;True;False;1;0,04789755;0,00;0,00;0,00;0;0;0;0;0;116,3;101,7;0,0;0,0;4868,6;20;0,00;0,00;False;False;4;Right;
RZ22;10;Trajectory;4;116,4;0;0,2639547;0;0;404,7857;(-51.95, -0.44, 166.20);0;True;False;1;0,04789755;0,00;0,00;0,00;0;0;0;0;0;116,4;101,8;0,0;0,0;4868,6;20;0,00;0,00;False;False;4;Right;
RZ22;10;Trajectory;4;116,5;6,975447E-05;0,2639489;0;0;404,7857;(-51.95, -0.44, 166.20);0;True;False;1;0,04793629;0,00;0,00;0,00;0;0;0;0;0;116,5;101,9;0,0;0,0;4868,6;20;0,00;0,00;False;False;4;Right;
RZ22;10;Trajectory;4;116,6;6,975447E-05;0,2639547;0;0;404,7857;(-51.95, -0.44, 166.20);0;True;False;1;0,04789755;0,00;0,00;0,00;0;0;0;0;0;116,6;102,0;0,0;0,0;4868,6;20;0,00;0,00;False;False;4;Right;
RZ22;10;Trajectory;4;116,7;0;0,2639547;0;0;404,7857;(-51.95, -0.44, 166.20);0;True;False;1;0,04789755;0,00;0,00;0,00;0;0;0;0;0;116,7;102,1;0,0;0,0;4868,6;20;0,00;0,00;False;False;4;Right;
RZ22;10;Trajectory;4;116,8;0;0,2639547;0;0;404,7857;(-51.95, -0.44, 166.20);0;True;False;1;0,04789755;0,00;0,00;0,00;0;0;0;0;0;116,8;102,2;0,0;0,0;4868,6;20;0,00;0,00;False;False;4;Right;
RZ22;10;Trajectory;4;116,9;0;0,2639547;0;0;404,7857;(-51.95, -0.44, 166.20);0;True;False;1;0,04789755;0,00;0,00;0,00;0;0;0;0;0;116,9;102,3;0,0;0,0;4868,6;20;0,00;0,00;False;False;4;Right;
RZ22;10;Trajectory;4;117,0;0;0,2639547;0;0;404,7857;(-51.95, -0.44, 166.20);0;True;False;1;0,04789755;0,00;0,00;0,00;0;0;0;0;0;117,0;102,4;0,0;0,0;4868,6;20;0,00;0,00;False;False;4;Right;
RZ22;10;Trajectory;4;117,1;0;0,2639547;0;0;404,7857;(-51.95, -0.44, 166.20);0;True;False;1;0,04789755;0,00;0,00;0,00;0;0;0;0;0;117,1;102,5;0,0;0,0;4868,6;20;0,00;0,00;False;False;4;Right;
RZ22;10;Trajectory;4;117,2;0;0,2639547;0;0;404,7857;(-51.95, -0.44, 166.20);0;True;False;1;0,04789755;0,00;0,00;0,00;0;0;0;0;0;117,2;102,6;0,0;0,0;4868,6;20;0,00;0,00;False;False;4;Right;
RZ22;10;Trajectory;4;117,3;0;0,2639547;0;0;404,7857;(-51.95, -0.44, 166.20);0;True;False;1;0,04789755;0,00;0,00;0,00;0;0;0;0;0;117,3;102,7;0,0;0,0;4868,6;20;0,00;0,00;False;False;4;Right;
RZ22;10;Trajectory;4;117,4;0;0,2639547;0;0;404,7857;(-51.95, -0.44, 166.20);0;True;False;1;0,04789755;0,00;0,00;0,00;0;0;0;0;0;117,4;102,8;0,0;0,0;4868,6;20;0,00;0,00;False;False;4;Right;
RZ22;10;Trajectory;4;117,5;0;0,2639547;0;0;404,7857;(-51.95, -0.44, 166.20);0;True;False;1;0,04789755;0,00;0,00;0,00;0;0;0;0;0;117,5;102,9;0,0;0,0;4868,6;20;0,00;0,00;False;False;4;Right;
RZ22;10;Trajectory;4;117,6;0;0,2639547;0;0;404,7857;(-51.95, -0.44, 166.20);0;True;False;1;0,04789755;0,00;0,00;0,00;0;0;0;0;0;117,6;103,0;0,0;0,0;4868,6;20;0,00;0,00;False;False;4;Right;
RZ22;10;Trajectory;4;117,7;0;0,2639547;0;0;404,7857;(-51.95, -0.44, 166.20);0;True;False;1;0,04789755;0,00;0,00;0,00;0;0;0;0;0;117,7;103,1;0,0;0,0;4868,6;20;0,00;0,00;False;False;4;Right;
RZ22;10;Trajectory;4;117,8;0;0,2639547;0;0;404,7857;(-51.95, -0.44, 166.20);0;True;False;1;0,04789755;0,00;0,00;0,00;0;0;0;0;0;117,8;103,2;0,0;0,0;4868,6;20;0,00;0,00;False;False;4;Right;
RZ22;10;Trajectory;4;117,9;0;0,2639547;0;0;404,7857;(-51.95, -0.44, 166.20);0;True;False;1;0,04789755;0,00;0,00;0,00;0;0;0;0;0;117,9;103,3;0,0;0,0;4868,6;20;0,00;0,00;False;False;4;Right;
RZ22;10;Trajectory;4;118,0;0;0,2639547;0;0;404,7857;(-51.95, -0.44, 166.20);0;True;False;1;0,04789755;0,00;0,00;0,00;0;0;0;0;0;118,0;103,4;0,0;0,0;4868,6;20;0,00;0,00;False;False;4;Right;
RZ22;10;Trajectory;4;118,1;0;0,2639547;0;0;404,7857;(-51.95, -0.44, 166.20);0;True;False;1;0,04789755;0,00;0,00;0,00;0;0;0;0;0;118,1;103,5;0,0;0,0;4868,6;20;0,00;0,00;False;False;4;Right;
RZ22;10;Trajectory;4;118,2;0;0,2639547;0;0;404,7857;(-51.95, -0.44, 166.20);0;True;False;1;0,04789755;0,00;0,00;0,00;0;0;0;0;0;118,2;103,6;0,0;0,0;4868,6;20;0,00;0,00;False;False;4;Right;
RZ22;10;Trajectory;4;118,3;0;0,2639547;0;0;404,7857;(-51.95, -0.44, 166.20);0;True;False;1;0,04789755;0,00;0,00;0,00;0;0;0;0;0;118,3;103,7;0,0;0,0;4868,6;20;0,00;0,00;False;False;4;Right;
RZ22;10;Trajectory;4;118,4;0;0,2639547;0;0;404,7857;(-51.95, -0.44, 166.20);0;True;False;1;0,04789755;0,00;0,00;0,00;0;0;0;0;0;118,4;103,8;0,0;0,0;4868,6;20;0,00;0,00;False;False;4;Right;
RZ22;10;Trajectory;4;118,5;0;0,2639547;0;0;404,7857;(-51.95, -0.44, 166.20);0;True;False;1;0,04789755;0,00;0,00;0,00;0;0;0;0;0;118,5;103,9;0,0;0,0;4868,6;20;0,00;0,00;False;False;4;Right;
RZ22;10;Trajectory;4;118,6;6,975447E-05;0,2639489;0;0;404,7857;(-51.95, -0.44, 166.20);0;True;False;1;0,04793629;0,00;0,00;0,00;0;0;0;0;0;118,6;104,0;0,0;0,0;4868,6;20;0,00;0,00;False;False;4;Right;
RZ22;10;Trajectory;4;118,7;0;0,2639489;0;0;404,7857;(-51.95, -0.44, 166.20);0;True;False;1;0,04793629;0,00;0,00;0,00;0;0;0;0;0;118,7;104,1;0,0;0,0;4868,6;20;0,00;0,00;False;False;4;Right;
RZ22;10;Trajectory;4;118,8;6,975447E-05;0,2639547;0;0;404,7857;(-51.95, -0.44, 166.20);0;True;False;1;0,04789755;0,00;0,00;0,00;0;0;0;0;0;118,8;104,2;0,0;0,0;4868,6;20;0,00;0,00;False;False;4;Right;
RZ22;10;Trajectory;4;118,9;6,975447E-05;0,2639605;0;0;404,7857;(-51.95, -0.44, 166.20);0;True;False;1;0,04785888;0,00;0,00;0,00;0;0;0;0;0;118,9;104,3;0,0;0,0;4868,6;20;0,00;0,00;False;False;4;Right;
RZ22;10;Trajectory;4;119,0;0,0001395089;0,2639489;0;0;404,7857;(-51.95, -0.44, 166.20);0;True;False;1;0,04793629;0,00;0,00;0,00;0;0;0;0;0;119,0;104,4;0,0;0,0;4868,6;20;0,00;0,00;False;False;4;Right;
RZ22;10;Trajectory;4;119,1;0,0001395089;0,2639605;0;0;404,7857;(-51.95, -0.44, 166.20);0;True;False;1;0,04785888;0,00;0,00;0,00;0;0;0;0;0;119,1;104,5;0,0;0,0;4868,6;20;0,00;0,00;False;False;4;Right;
RZ22;10;Trajectory;4;119,2;6,975447E-05;0,2639547;0;0;404,7857;(-51.95, -0.44, 166.20);0;True;False;1;0,04789755;0,00;0,00;0,00;0;0;0;0;0;119,2;104,6;0,0;0,0;4868,6;20;0,00;0,00;False;False;4;Right;
RZ22;10;Trajectory;4;119,3;0;0,2639547;0;0;404,7857;(-51.95, -0.44, 166.20);0;True;False;1;0,04789755;0,00;0,00;0,00;0;0;0;0;0;119,3;104,7;0,0;0,0;4868,6;20;0,00;0,00;False;False;4;Right;
RZ22;10;Trajectory;4;119,4;6,975447E-05;0,2639489;0;0;404,7857;(-51.95, -0.44, 166.20);0;True;False;1;0,04793629;0,00;0,00;0,00;0;0;0;0;0;119,4;104,8;0,0;0,0;4868,6;20;0,00;0,00;False;False;4;Right;
RZ22;10;Trajectory;4;119,5;6,975447E-05;0,2639547;0;0;404,7857;(-51.95, -0.44, 166.20);0;True;False;1;0,04789755;0,00;0,00;0,00;0;0;0;0;0;119,5;104,9;0,0;0,0;4868,6;20;0,00;0,00;False;False;4;Right;
RZ22;10;Trajectory;4;119,6;0;0,2639547;0;0;404,7857;(-51.95, -0.44, 166.20);0;True;False;1;0,04789755;0,00;0,00;0,00;0;0;0;0;0;119,6;105,0;0,0;0,0;4868,6;20;0,00;0,00;False;False;4;Right;
RZ22;10;Trajectory;4;119,7;6,975447E-05;0,2639489;0;0;404,7857;(-51.95, -0.44, 166.20);0;True;False;1;0,04793629;0,00;0,00;0,00;0;0;0;0;0;119,7;105,1;0,0;0,0;4868,6;20;0,00;0,00;False;False;4;Right;
RZ22;10;Trajectory;4;119,8;6,975447E-05;0,2639547;0;0;404,7857;(-51.95, -0.44, 166.20);0;True;False;1;0,04789755;0,00;0,00;0,00;0;0;0;0;0;119,8;105,2;0,0;0,0;4868,6;20;0,00;0,00;False;False;4;Right;
RZ22;10;Trajectory;4;119,9;0;0,2639547;0;0;404,7857;(-51.95, -0.44, 166.20);0;True;False;1;0,04789755;0,00;0,00;0,00;0;0;0;0;0;119,9;105,3;0,0;0,0;4868,6;20;0,00;0,00;False;False;4;Right;
RZ22;10;Trajectory;4;120,0;0;0,2639547;0;0;404,7857;(-51.95, -0.44, 166.20);0;True;False;1;0,04789755;0,00;0,00;0,00;0;0;0;0;0;120,0;105,4;0,0;0,0;4868,6;20;0,00;0,00;False;False;4;Right;
