userID;scenarioID;controlMode;elapsedTimeSinceAccess;activeRequests;succeededRequests;mousePositionX;mousePositionY;usingMultiView;usingSingleViewMain;EyeGazeArea;MouseTravelDistanceInCm;mouseClickLeft;mouseClickRight;pressLeftCtrl;pressShift;
UK11;-2;InteractivePathPlanning;0,0;2;0;1309;626;False;False;None;0;0;0;0;0;
UK11;-2;InteractivePathPlanning;0,1;2;0;1271;745;False;False;None;5,34789;0;0;0;0;
UK11;-2;InteractivePathPlanning;0,2;2;0;1201;615;False;False;None;9,293189;0;0;0;0;
UK11;-2;InteractivePathPlanning;0,3;2;0;1194;608;False;False;None;10,00787;0;0;0;0;
UK11;-2;InteractivePathPlanning;0,4;2;0;1190;608;False;False;None;10,11488;0;0;0;0;
UK11;-2;InteractivePathPlanning;0,5;2;0;1190;608;False;False;None;10,11488;0;0;0;0;
UK11;-2;InteractivePathPlanning;0,6;2;0;1190;608;False;False;None;10,11488;0;0;0;0;
UK11;-2;InteractivePathPlanning;0,7;2;0;1190;611;False;False;None;10,19513;0;0;0;0;
UK11;-2;InteractivePathPlanning;0,8;2;0;1190;611;False;False;None;10,19513;0;0;0;0;
UK11;-2;InteractivePathPlanning;0,9;2;0;1190;611;False;False;None;10,19513;0;0;0;0;
UK11;-2;InteractivePathPlanning;1,0;2;0;1190;611;False;False;None;10,19513;0;0;0;0;
UK11;-2;InteractivePathPlanning;1,1;2;0;1190;615;False;False;None;10,30214;0;0;0;0;
UK11;-2;InteractivePathPlanning;1,2;2;0;1312;559;False;False;None;12,57644;0;0;0;0;
UK11;-2;InteractivePathPlanning;1,3;2;0;1785;346;False;False;None;25,9428;0;0;0;0;
UK11;-2;InteractivePathPlanning;1,4;2;0;1890;230;False;False;None;31,35844;0;0;0;0;
UK11;-2;InteractivePathPlanning;1,5;2;0;1974;153;False;False;None;35,25409;0;0;0;0;
UK11;-2;InteractivePathPlanning;1,6;2;0;2002;146;False;False;None;35,46811;0;0;0;0;
UK11;-2;InteractivePathPlanning;1,7;2;0;2184;132;False;False;None;40,27052;0;0;0;0;
UK11;-2;InteractivePathPlanning;1,8;2;0;2278;135;False;False;None;43,45404;0;0;0;0;
UK11;-2;InteractivePathPlanning;1,9;2;0;2278;135;False;False;None;43,5343;0;0;0;0;
UK11;-2;InteractivePathPlanning;2,0;2;0;2278;135;False;False;None;43,5343;0;0;0;0;
UK11;-2;InteractivePathPlanning;2,1;2;0;2278;135;False;False;None;43,5343;0;0;0;0;
UK11;-2;InteractivePathPlanning;2,2;2;0;2278;135;False;False;None;43,5343;0;0;0;0;
UK11;-2;InteractivePathPlanning;2,3;2;0;2278;135;False;False;None;43,5343;0;0;0;0;
UK11;-2;InteractivePathPlanning;2,4;2;0;2278;135;False;False;None;43,5343;0;0;0;0;
UK11;-2;InteractivePathPlanning;2,5;2;0;2278;135;False;False;None;43,5343;0;0;0;0;
UK11;-2;InteractivePathPlanning;2,6;2;0;2278;135;False;False;None;43,5343;0;0;0;0;
UK11;-2;InteractivePathPlanning;2,7;2;0;2278;135;False;False;None;43,5343;0;0;0;0;
UK11;-2;InteractivePathPlanning;2,8;2;0;2278;135;False;False;None;43,5343;0;0;0;0;
UK11;-2;InteractivePathPlanning;2,9;2;0;2278;135;False;False;None;43,5343;0;0;0;0;
UK11;-2;InteractivePathPlanning;3,0;2;0;2285;111;False;False;None;43,90269;0;0;0;0;
UK11;-2;InteractivePathPlanning;3,1;2;0;2292;48;False;False;None;45,54993;0;0;0;0;
UK11;-2;InteractivePathPlanning;3,2;2;0;2272;3;False;False;None;47,15803;0;0;0;0;
UK11;-2;InteractivePathPlanning;3,3;2;0;2230;16;False;False;None;47,64606;0;0;0;0;
UK11;-2;InteractivePathPlanning;3,4;2;0;1715;415;False;False;None;62,79565;0;0;0;0;
UK11;-2;InteractivePathPlanning;3,5;2;0;1407;653;False;False;None;75,39697;0;0;0;0;
UK11;-2;InteractivePathPlanning;3,6;2;0;1327;734;False;False;None;79,31323;0;0;0;0;
UK11;-2;InteractivePathPlanning;3,7;2;0;1092;779;False;False;None;83,67191;0;0;0;0;
UK11;-2;InteractivePathPlanning;3,8;2;0;648;1042;False;False;None;98,89953;0;0;0;0;
UK11;-2;InteractivePathPlanning;3,9;2;0;532;1143;False;False;None;103,4074;0;0;0;0;
UK11;-2;InteractivePathPlanning;4,0;2;0;343;1227;False;False;None;108,7108;0;0;0;0;
UK11;-2;InteractivePathPlanning;4,1;2;0;182;1308;False;False;None;113,7764;0;0;0;0;
UK11;-2;InteractivePathPlanning;4,2;2;0;119;1343;False;False;None;116,1602;0;0;0;0;
UK11;-2;InteractivePathPlanning;4,3;2;0;112;1340;False;False;None;116,579;1;0;0;0;
UK11;-2;InteractivePathPlanning;4,4;2;0;213;1277;False;False;None;119,2082;1;0;0;0;
UK11;-2;InteractivePathPlanning;4,5;2;0;462;1207;False;False;None;125,8806;1;0;0;0;
UK11;-2;InteractivePathPlanning;4,6;2;0;647;1144;False;True;None;128,1843;1;0;0;0;
UK11;-2;InteractivePathPlanning;4,7;2;0;1004;969;False;True;None;140,6489;1;0;0;0;
UK11;-2;InteractivePathPlanning;4,8;2;0;1176;892;False;True;None;147,816;1;0;0;0;
UK11;-2;InteractivePathPlanning;4,9;2;0;1263;850;False;True;None;150,4355;1;0;0;0;
UK11;-2;InteractivePathPlanning;5,0;2;0;1302;822;False;True;None;151,6238;1;0;0;0;
UK11;-2;InteractivePathPlanning;5,1;2;0;1288;783;False;True;None;152,9101;1;0;0;0;
UK11;-2;InteractivePathPlanning;5,2;2;0;1278;759;False;True;None;153,5435;1;0;0;0;
UK11;-2;InteractivePathPlanning;5,3;2;0;1278;738;False;True;None;154,1053;1;0;0;0;
UK11;-2;InteractivePathPlanning;5,4;2;0;1278;727;False;True;None;154,4799;1;0;0;0;
UK11;-2;InteractivePathPlanning;5,5;2;0;1278;675;False;True;None;155,6035;1;0;0;0;
UK11;-2;InteractivePathPlanning;5,6;2;0;1278;661;False;True;None;156,2455;1;0;0;0;
UK11;-2;InteractivePathPlanning;5,7;2;0;1267;657;False;True;None;156,5933;1;0;0;0;
UK11;-2;InteractivePathPlanning;5,8;2;0;1264;657;False;True;None;156,6736;1;0;0;0;
UK11;-2;InteractivePathPlanning;5,9;2;0;1250;660;False;True;None;157,1284;1;0;0;0;
UK11;-2;InteractivePathPlanning;6,0;2;0;1232;650;False;True;None;157,7234;1;0;0;0;
UK11;-2;InteractivePathPlanning;6,1;2;0;1218;647;False;True;None;158,0242;1;0;0;0;
UK11;-2;InteractivePathPlanning;6,2;2;0;1197;647;False;True;None;158,586;1;0;0;0;
UK11;-2;InteractivePathPlanning;6,3;2;0;1180;650;False;True;None;159,181;1;0;0;0;
UK11;-2;InteractivePathPlanning;6,4;2;0;1173;653;False;True;None;159,4486;1;0;0;0;
UK11;-2;InteractivePathPlanning;6,5;2;0;1173;653;False;True;None;159,4486;1;0;0;0;
UK11;-2;InteractivePathPlanning;6,6;2;0;1173;653;False;True;None;159,4486;1;0;0;0;
UK11;-2;InteractivePathPlanning;6,7;2;0;1190;664;False;True;None;159,858;1;0;0;0;
UK11;-2;InteractivePathPlanning;6,8;2;0;1204;688;False;True;None;160,7622;1;0;0;0;
UK11;-2;InteractivePathPlanning;6,9;2;0;1214;688;False;True;None;161,1368;1;0;0;0;
UK11;-2;InteractivePathPlanning;7,0;2;0;1522;671;False;True;None;167,4414;1;0;0;0;
UK11;-2;InteractivePathPlanning;7,1;2;0;1757;685;False;True;None;175,5628;1;0;0;0;
UK11;-2;InteractivePathPlanning;7,2;2;0;1788;709;False;True;None;176,8876;1;0;0;0;
UK11;-2;InteractivePathPlanning;7,3;2;0;1778;692;False;True;None;177,4165;1;0;0;0;
UK11;-2;InteractivePathPlanning;7,4;2;0;1775;695;False;True;None;177,6037;1;0;0;0;
UK11;-2;InteractivePathPlanning;7,5;2;0;1781;709;False;True;None;178,172;1;0;0;0;
UK11;-2;InteractivePathPlanning;7,6;2;0;1785;713;False;True;None;178,386;1;0;0;0;
UK11;-2;InteractivePathPlanning;7,7;2;0;1775;706;False;True;None;178,7873;1;0;0;0;
UK11;-2;InteractivePathPlanning;7,8;2;0;1775;706;False;True;None;178,7873;1;0;0;0;
UK11;-2;InteractivePathPlanning;7,9;2;0;1788;720;False;True;None;179,4026;1;0;0;0;
UK11;-2;InteractivePathPlanning;8,0;2;0;1785;720;False;True;None;179,4829;1;0;0;0;
UK11;-2;InteractivePathPlanning;8,1;2;0;1782;720;False;True;None;179,5632;1;0;0;0;
UK11;-2;InteractivePathPlanning;8,2;2;0;1788;723;False;True;None;179,804;1;0;0;0;
UK11;-2;InteractivePathPlanning;8,3;2;0;1788;724;False;True;None;179,911;1;0;0;0;
UK11;-2;InteractivePathPlanning;8,4;2;0;1788;724;False;True;None;179,9912;1;0;0;0;
UK11;-2;InteractivePathPlanning;8,5;2;0;1792;724;False;True;None;180,0982;1;0;0;0;
UK11;-2;InteractivePathPlanning;8,6;2;0;1799;724;False;True;None;180,3123;1;0;0;0;
UK11;-2;InteractivePathPlanning;8,7;2;0;1796;713;False;True;None;180,7135;1;0;0;0;
UK11;-2;InteractivePathPlanning;8,8;2;0;1799;713;False;True;None;180,7135;1;0;0;0;
UK11;-2;InteractivePathPlanning;8,9;2;0;1806;720;False;True;None;181,1057;1;0;0;0;
UK11;-2;InteractivePathPlanning;9,0;2;0;1809;717;False;True;None;181,2662;1;0;0;0;
UK11;-2;InteractivePathPlanning;9,1;2;0;1809;717;False;True;None;181,2662;1;0;0;0;
UK11;-2;InteractivePathPlanning;9,2;2;0;1809;717;False;True;None;181,2662;1;0;0;0;
UK11;-2;InteractivePathPlanning;9,3;2;0;1809;720;False;True;None;181,3465;1;0;0;0;
UK11;-2;InteractivePathPlanning;9,4;2;0;1809;723;False;True;None;181,4267;1;0;0;0;
UK11;-2;InteractivePathPlanning;9,5;2;0;1816;730;False;True;None;181,8013;1;0;0;0;
UK11;-2;InteractivePathPlanning;9,6;2;0;1816;737;False;True;None;181,9885;1;0;0;0;
UK11;-2;InteractivePathPlanning;9,7;2;0;1813;737;False;True;None;182,0688;1;0;0;0;
UK11;-2;InteractivePathPlanning;9,8;2;0;1813;748;False;True;None;182,1758;1;0;0;0;
UK11;-2;InteractivePathPlanning;9,9;2;0;1810;758;False;True;None;182,6471;1;0;0;0;
UK11;-2;InteractivePathPlanning;10,0;2;0;1799;758;False;True;None;182,8343;1;0;0;0;
UK11;-2;InteractivePathPlanning;10,1;2;0;1792;758;False;True;None;183,1286;1;0;0;0;
UK11;-2;InteractivePathPlanning;10,2;2;0;1789;762;False;True;None;183,2624;1;0;0;0;
UK11;-2;InteractivePathPlanning;10,3;2;0;1782;762;False;True;None;183,4496;1;0;0;0;
UK11;-2;InteractivePathPlanning;10,4;2;0;1778;759;False;True;None;183,5567;1;0;0;0;
UK11;-2;InteractivePathPlanning;10,5;2;0;1778;765;False;True;None;183,7974;1;0;0;0;
UK11;-2;InteractivePathPlanning;10,6;2;0;1736;779;False;True;None;184,5836;1;0;0;0;
UK11;-2;InteractivePathPlanning;10,7;2;0;1677;769;False;True;None;186,442;1;0;0;0;
UK11;-2;InteractivePathPlanning;10,8;2;0;1652;752;False;True;None;187,6343;1;0;0;0;
UK11;-2;InteractivePathPlanning;10,9;2;0;1690;744;False;True;None;188,4205;1;0;0;0;
UK11;-2;InteractivePathPlanning;11,0;2;0;1911;762;False;True;None;193,7009;1;0;0;0;
UK11;-2;InteractivePathPlanning;11,1;2;0;2026;772;False;True;None;197,8533;1;0;0;0;
UK11;-2;InteractivePathPlanning;11,2;2;0;2082;828;False;True;None;199,7398;1;0;0;0;
UK11;-2;InteractivePathPlanning;11,3;2;0;2145;832;False;True;None;201,7185;1;0;0;0;
UK11;-2;InteractivePathPlanning;11,4;2;0;2142;822;False;True;None;202,0192;1;0;0;0;
UK11;-2;InteractivePathPlanning;11,5;2;0;2135;794;False;True;None;202,8132;1;0;0;0;
UK11;-2;InteractivePathPlanning;11,6;2;0;2135;794;False;True;None;202,8132;1;0;0;0;
UK11;-2;InteractivePathPlanning;11,7;2;0;2135;794;False;True;None;202,8132;1;0;0;0;
UK11;-2;InteractivePathPlanning;11,8;2;0;2135;794;False;True;None;202,8132;1;0;0;0;
UK11;-2;InteractivePathPlanning;11,9;2;0;2135;794;False;True;None;202,8132;1;0;0;0;
UK11;-2;InteractivePathPlanning;12,0;2;0;2135;794;False;True;None;202,8132;1;0;0;0;
UK11;-2;InteractivePathPlanning;12,1;2;0;2135;794;False;True;None;202,8132;1;0;0;0;
UK11;-2;InteractivePathPlanning;12,2;2;0;2135;794;False;True;None;202,8132;1;0;0;0;
UK11;-2;InteractivePathPlanning;12,3;2;0;2135;794;False;True;None;202,8132;1;0;0;0;
UK11;-2;InteractivePathPlanning;12,4;2;0;2135;794;False;True;None;202,8132;1;0;0;0;
UK11;-2;InteractivePathPlanning;12,5;2;0;2135;794;False;True;None;202,8132;1;0;0;0;
UK11;-2;InteractivePathPlanning;12,6;2;0;2135;794;False;True;None;202,8132;1;0;0;0;
UK11;-2;InteractivePathPlanning;12,7;2;0;2135;794;False;True;None;202,8132;1;0;0;0;
UK11;-2;InteractivePathPlanning;12,8;2;0;2135;794;False;True;None;202,8132;1;0;0;1;
UK11;-2;InteractivePathPlanning;12,9;2;0;2135;794;False;True;None;202,8132;1;0;0;1;
UK11;-2;InteractivePathPlanning;13,0;2;0;2135;794;False;True;None;202,8132;1;0;0;1;
UK11;-2;InteractivePathPlanning;13,1;2;0;2135;794;False;True;None;202,8132;1;0;0;1;
UK11;-2;InteractivePathPlanning;13,2;2;0;2135;794;False;True;None;202,8132;1;0;0;1;
UK11;-2;InteractivePathPlanning;13,3;2;0;2135;794;False;True;None;202,8132;1;0;0;1;
UK11;-2;InteractivePathPlanning;13,4;2;0;2135;794;False;True;None;202,8132;1;0;0;1;
UK11;-2;InteractivePathPlanning;13,5;2;0;2135;794;False;True;None;202,8132;1;0;0;2;
UK11;-2;InteractivePathPlanning;13,6;2;0;2135;794;False;True;None;202,8132;1;0;0;2;
UK11;-2;InteractivePathPlanning;13,7;2;0;2135;794;False;True;None;202,8132;1;0;0;2;
UK11;-2;InteractivePathPlanning;13,8;2;0;2135;794;False;True;None;202,8132;1;0;0;2;
UK11;-2;InteractivePathPlanning;13,9;2;0;2135;794;False;True;None;202,8132;1;0;0;2;
UK11;-2;InteractivePathPlanning;14,0;2;0;2135;794;False;True;None;202,8132;1;0;0;3;
UK11;-2;InteractivePathPlanning;14,1;2;0;2135;794;False;True;None;202,8132;1;0;0;3;
UK11;-2;InteractivePathPlanning;14,2;2;0;2135;794;False;True;None;202,8132;1;0;0;3;
UK11;-2;InteractivePathPlanning;14,3;2;0;2135;794;False;True;None;202,8132;1;0;0;3;
UK11;-2;InteractivePathPlanning;14,4;2;0;2135;794;False;True;None;202,8132;1;0;0;4;
UK11;-2;InteractivePathPlanning;14,5;2;0;2135;794;False;True;None;202,8132;1;0;0;4;
UK11;-2;InteractivePathPlanning;14,6;2;0;2149;794;False;True;None;203,0807;1;0;0;4;
UK11;-2;InteractivePathPlanning;14,7;2;0;2187;814;False;True;None;204,3765;1;0;0;4;
UK11;-2;InteractivePathPlanning;14,8;2;0;2212;828;False;True;None;205,1417;1;0;0;4;
UK11;-2;InteractivePathPlanning;14,9;2;0;2215;828;False;True;None;205,3022;1;0;0;4;
UK11;-2;InteractivePathPlanning;15,0;2;0;2209;822;False;True;None;205,5762;1;0;0;4;
UK11;-2;InteractivePathPlanning;15,1;2;0;2205;815;False;True;None;205,8705;1;0;0;4;
UK11;-2;InteractivePathPlanning;15,2;2;0;2202;815;False;True;None;205,9508;1;0;0;4;
UK11;-2;InteractivePathPlanning;15,3;2;0;2198;815;False;True;None;206,0578;1;0;0;4;
UK11;-2;InteractivePathPlanning;15,4;2;0;2191;821;False;True;None;206,3253;1;0;0;4;
UK11;-2;InteractivePathPlanning;15,5;2;0;2181;835;False;True;None;206,9139;1;0;0;4;
UK11;-2;InteractivePathPlanning;15,6;2;0;2177;856;False;True;None;207,6003;1;0;0;4;
UK11;-2;InteractivePathPlanning;15,7;2;0;2177;863;False;True;None;207,7876;1;0;0;4;
UK11;-2;InteractivePathPlanning;15,8;2;0;2180;863;False;True;None;207,8678;1;0;0;4;
UK11;-2;InteractivePathPlanning;15,9;2;0;2194;867;False;True;None;208,2959;1;0;0;4;
UK11;-2;InteractivePathPlanning;16,0;2;0;2205;874;False;True;None;208,7239;1;0;0;4;
UK11;-2;InteractivePathPlanning;16,1;2;0;2208;874;False;True;None;208,8042;1;0;0;4;
UK11;-2;InteractivePathPlanning;16,2;2;0;2208;874;False;True;None;208,8042;2;0;0;4;
UK11;-2;InteractivePathPlanning;16,3;2;0;2208;877;False;True;None;208,8844;2;0;0;4;
UK11;-2;InteractivePathPlanning;16,4;2;0;2202;877;False;True;None;209,045;2;0;0;4;
UK11;-2;InteractivePathPlanning;16,5;2;0;2198;877;False;True;None;209,152;2;0;0;4;
UK11;-2;InteractivePathPlanning;16,6;2;0;2198;877;False;True;None;209,152;2;0;0;4;
UK11;-2;InteractivePathPlanning;16,7;2;0;2198;877;False;True;None;209,152;2;0;0;4;
UK11;-2;InteractivePathPlanning;16,8;2;0;2198;877;False;True;None;209,152;2;0;0;4;
UK11;-2;InteractivePathPlanning;16,9;2;0;2198;877;False;True;None;209,152;3;0;0;4;
UK11;-2;InteractivePathPlanning;17,0;2;0;2198;877;False;True;None;209,152;3;0;0;4;
UK11;-2;InteractivePathPlanning;17,1;2;0;2198;877;False;True;None;209,152;3;0;0;4;
UK11;-2;InteractivePathPlanning;17,2;2;0;2198;877;False;True;None;209,152;3;0;0;4;
UK11;-2;InteractivePathPlanning;17,3;2;0;2198;877;False;True;None;209,152;3;0;0;4;
UK11;-2;InteractivePathPlanning;17,4;2;0;2198;877;False;True;None;209,152;3;0;0;4;
UK11;-2;InteractivePathPlanning;17,5;2;0;2198;877;False;True;None;209,152;3;0;0;4;
UK11;-2;InteractivePathPlanning;17,6;2;0;2198;877;False;True;None;209,152;3;0;0;4;
UK11;-2;InteractivePathPlanning;17,7;2;0;2198;877;False;True;None;209,152;3;0;0;4;
UK11;-2;InteractivePathPlanning;17,8;2;0;2198;877;False;True;None;209,152;3;0;0;4;
UK11;-2;InteractivePathPlanning;17,9;2;0;2201;881;False;True;None;209,3392;3;0;0;4;
UK11;-2;InteractivePathPlanning;18,0;2;0;2201;881;False;True;None;209,3392;3;0;0;4;
UK11;-2;InteractivePathPlanning;18,1;2;0;2201;881;False;True;None;209,3392;3;0;0;4;
UK11;-2;InteractivePathPlanning;18,2;2;0;2201;881;False;True;None;209,3392;4;0;0;4;
UK11;-2;InteractivePathPlanning;18,3;2;0;2201;881;False;True;None;209,3392;4;0;0;4;
UK11;-2;InteractivePathPlanning;18,4;2;0;2201;881;False;True;None;209,3392;4;0;0;4;
UK11;-2;InteractivePathPlanning;18,5;2;0;2201;881;False;True;None;209,3392;4;0;0;4;
UK11;-2;InteractivePathPlanning;18,6;2;0;2201;881;False;True;None;209,3392;4;0;0;4;
UK11;-2;InteractivePathPlanning;18,7;2;0;2201;881;False;True;None;209,3392;4;0;0;4;
UK11;-2;InteractivePathPlanning;18,8;2;0;2201;881;False;True;None;209,3392;4;0;0;4;
UK11;-2;InteractivePathPlanning;18,9;2;0;2201;881;False;True;None;209,3392;4;0;0;4;
UK11;-2;InteractivePathPlanning;19,0;2;0;2201;881;False;True;None;209,3392;4;0;0;4;
UK11;-2;InteractivePathPlanning;19,1;2;0;2201;881;False;True;None;209,3392;4;0;0;4;
UK11;-2;InteractivePathPlanning;19,2;2;0;2201;881;False;True;None;209,3392;4;0;0;4;
UK11;-2;InteractivePathPlanning;19,3;2;0;2201;881;False;True;None;209,3392;4;1;0;4;
UK11;-2;InteractivePathPlanning;19,4;2;0;2201;881;False;True;None;209,3392;4;1;0;4;
UK11;-2;InteractivePathPlanning;19,5;2;0;2201;881;False;True;None;209,3392;4;1;0;4;
UK11;-2;InteractivePathPlanning;19,6;2;0;2201;881;False;True;None;209,3392;4;1;0;4;
UK11;-2;InteractivePathPlanning;19,7;2;0;2201;881;False;True;None;209,3392;4;1;0;4;
UK11;-2;InteractivePathPlanning;19,8;2;0;2195;857;False;True;None;210,0095;4;1;0;4;
UK11;-2;InteractivePathPlanning;19,9;2;0;2160;769;False;True;None;212,3521;4;1;0;4;
UK11;-2;InteractivePathPlanning;20,0;2;0;2142;731;False;True;None;213,4917;4;1;0;4;
UK11;-2;InteractivePathPlanning;20,1;2;0;2132;717;False;True;None;214,2264;4;1;0;4;
UK11;-2;InteractivePathPlanning;20,2;2;0;2100;696;False;True;None;214,9357;4;1;0;4;
UK11;-2;InteractivePathPlanning;20,3;2;0;1953;584;False;True;None;219,321;4;1;0;4;
UK11;-2;InteractivePathPlanning;20,4;2;0;1782;507;False;True;None;225,3043;4;1;0;4;
UK11;-2;InteractivePathPlanning;20,5;2;0;1711;527;False;True;None;227,5387;4;1;0;4;
UK11;-2;InteractivePathPlanning;20,6;2;0;1750;639;False;True;None;230,4604;4;1;0;4;
UK11;-2;InteractivePathPlanning;20,7;2;0;1736;713;False;True;None;233,2509;4;1;0;4;
UK11;-2;InteractivePathPlanning;20,8;2;0;1673;730;False;True;None;234,3362;4;1;0;4;
UK11;-2;InteractivePathPlanning;20,9;2;0;1505;772;False;True;None;239,081;4;1;0;4;
UK11;-2;InteractivePathPlanning;21,0;2;0;1397;786;False;True;None;242,6002;4;1;0;4;
UK11;-2;InteractivePathPlanning;21,1;2;0;1288;800;False;True;None;244,9896;5;1;0;4;
UK11;-2;InteractivePathPlanning;21,2;2;0;1183;811;False;True;None;247,9156;5;1;0;4;
UK11;-2;InteractivePathPlanning;21,3;2;0;1068;825;False;True;None;251,5071;5;1;0;4;
UK11;-2;InteractivePathPlanning;21,4;2;0;994;832;False;True;None;253,2183;5;1;0;4;
UK11;-2;InteractivePathPlanning;21,5;2;0;984;835;False;True;None;253,8133;5;1;0;4;
UK11;-2;InteractivePathPlanning;21,6;2;0;984;835;False;True;None;253,8133;5;1;0;4;
UK11;-2;InteractivePathPlanning;21,7;2;0;1022;839;False;True;None;254,687;5;1;0;4;
UK11;-2;InteractivePathPlanning;21,8;2;0;1085;836;False;True;None;255,9978;5;1;0;4;
UK11;-2;InteractivePathPlanning;21,9;2;0;1379;825;False;True;None;264,4401;5;1;0;4;
UK11;-2;InteractivePathPlanning;22,0;2;0;1760;822;False;True;None;273,6977;5;1;0;4;
UK11;-2;InteractivePathPlanning;22,1;2;0;1827;828;False;True;None;276,3359;5;1;0;4;
UK11;-2;InteractivePathPlanning;22,2;2;0;1935;828;False;True;None;279,3589;5;1;0;4;
UK11;-2;InteractivePathPlanning;22,3;2;0;2023;842;False;True;None;281,5666;5;1;0;4;
UK11;-2;InteractivePathPlanning;22,4;2;0;2089;877;False;True;None;283,2921;5;1;0;4;
UK11;-2;InteractivePathPlanning;22,5;2;0;2135;811;False;True;None;286,4473;6;1;0;4;
UK11;-2;InteractivePathPlanning;22,6;2;0;2194;531;False;True;None;293,007;6;1;0;4;
UK11;-2;InteractivePathPlanning;22,7;2;0;2188;349;False;True;None;298,3434;6;1;0;4;
UK11;-2;InteractivePathPlanning;22,8;2;0;2184;269;False;True;None;301,1641;6;1;0;4;
UK11;-2;InteractivePathPlanning;22,9;2;0;2184;265;False;True;None;301,2711;6;1;0;4;
UK11;-2;InteractivePathPlanning;23,0;2;0;2160;317;False;True;None;302,5637;6;1;0;4;
UK11;-2;InteractivePathPlanning;23,1;2;0;2121;650;False;True;None;311,8489;6;1;0;4;
UK11;-2;InteractivePathPlanning;23,2;2;0;2055;891;False;True;None;317,8692;6;1;0;4;
UK11;-2;InteractivePathPlanning;23,3;2;0;2020;975;False;True;None;320,8435;6;1;0;4;
UK11;-2;InteractivePathPlanning;23,4;2;0;1971;1049;False;True;None;323,4526;6;1;0;4;
UK11;-2;InteractivePathPlanning;23,5;2;0;1918;1147;False;True;None;326,0336;6;1;0;4;
UK11;-2;InteractivePathPlanning;23,6;2;0;1890;1210;False;True;None;328,1031;6;1;0;4;
UK11;-2;InteractivePathPlanning;23,7;2;0;1887;1213;False;True;None;328,4323;7;1;0;4;
UK11;-2;InteractivePathPlanning;23,8;2;0;1887;1213;False;True;None;328,4323;7;1;0;4;
UK11;-2;InteractivePathPlanning;23,9;2;0;1887;1193;False;True;None;328,7801;7;1;0;4;
UK11;-2;InteractivePathPlanning;24,0;2;0;1946;1021;False;True;None;333,8381;7;1;0;4;
UK11;-2;InteractivePathPlanning;24,1;2;0;2040;657;False;True;None;342,4449;7;1;0;4;
UK11;-2;InteractivePathPlanning;24,2;2;0;2058;531;False;True;None;347,329;7;1;0;4;
UK11;-2;InteractivePathPlanning;24,3;2;0;2058;531;False;True;None;347,329;7;1;0;4;
UK11;-2;InteractivePathPlanning;24,4;2;0;2058;531;False;True;None;347,329;7;1;0;4;
UK11;-2;InteractivePathPlanning;24,5;2;0;2058;531;False;True;None;347,329;7;1;0;4;
UK11;-2;InteractivePathPlanning;24,6;2;0;2061;528;False;True;None;347,4425;7;1;0;4;
UK11;-2;InteractivePathPlanning;24,7;2;0;2068;528;False;True;None;347,5495;7;1;0;4;
UK11;-2;InteractivePathPlanning;24,8;2;0;2068;524;False;True;None;347,7368;7;1;0;4;
UK11;-2;InteractivePathPlanning;24,9;2;0;2068;524;False;True;None;347,7368;7;1;0;4;
UK11;-2;InteractivePathPlanning;25,0;2;0;2068;524;False;True;None;347,7368;7;1;0;4;
UK11;-2;InteractivePathPlanning;25,1;2;0;2068;524;False;True;None;347,7368;7;1;0;4;
UK11;-2;InteractivePathPlanning;25,2;2;0;2068;524;False;True;None;347,7368;7;1;0;4;
UK11;-2;InteractivePathPlanning;25,3;2;0;2068;524;False;True;None;347,7368;7;1;0;4;
UK11;-2;InteractivePathPlanning;25,4;2;0;2068;524;False;True;None;347,7368;7;1;0;4;
UK11;-2;InteractivePathPlanning;25,5;2;0;2068;524;False;True;None;347,7368;7;1;0;4;
UK11;-2;InteractivePathPlanning;25,6;2;0;2068;524;False;True;None;347,7368;7;1;0;4;
UK11;-2;InteractivePathPlanning;25,7;2;0;2068;524;False;True;None;347,7368;7;1;0;4;
UK11;-2;InteractivePathPlanning;25,8;2;0;2068;524;False;True;None;347,7368;7;1;0;4;
UK11;-2;InteractivePathPlanning;25,9;2;0;2068;524;False;True;None;347,7368;7;1;0;4;
UK11;-2;InteractivePathPlanning;26,0;2;0;2068;524;False;True;None;347,7368;7;1;0;4;
UK11;-2;InteractivePathPlanning;26,1;2;0;2068;524;False;True;None;347,7368;7;1;0;4;
UK11;-2;InteractivePathPlanning;26,2;2;0;2068;524;False;True;None;347,7368;7;1;0;4;
UK11;-2;InteractivePathPlanning;26,3;2;0;2068;524;False;True;None;347,7368;7;1;0;4;
UK11;-2;InteractivePathPlanning;26,4;2;0;2068;524;False;True;None;347,7368;7;1;0;4;
UK11;-2;InteractivePathPlanning;26,5;2;0;2068;524;False;True;None;347,7368;7;1;0;4;
UK11;-2;InteractivePathPlanning;26,6;2;0;2068;524;False;True;None;347,7368;7;1;0;4;
UK11;-2;InteractivePathPlanning;26,7;2;0;2068;524;False;True;None;347,7368;7;1;0;4;
UK11;-2;InteractivePathPlanning;26,8;2;0;2075;527;False;True;None;347,8438;7;1;0;4;
UK11;-2;InteractivePathPlanning;26,9;2;0;2110;583;False;True;None;349,4143;7;1;0;4;
UK11;-2;InteractivePathPlanning;27,0;2;0;2128;643;False;True;None;351,4371;7;1;0;4;
UK11;-2;InteractivePathPlanning;27,1;2;0;2166;716;False;True;None;353,2292;7;1;0;4;
UK11;-2;InteractivePathPlanning;27,2;2;0;2205;790;False;True;None;355,5795;7;1;0;4;
UK11;-2;InteractivePathPlanning;27,3;2;0;2215;811;False;True;None;356,5438;7;1;0;4;
UK11;-2;InteractivePathPlanning;27,4;2;0;2215;814;False;True;None;356,624;7;1;0;4;
UK11;-2;InteractivePathPlanning;27,5;2;0;2233;818;False;True;None;357,159;7;1;0;4;
UK11;-2;InteractivePathPlanning;27,6;2;0;2236;821;False;True;None;357,3195;7;1;0;4;
UK11;-2;InteractivePathPlanning;27,7;2;0;2233;821;False;True;None;357,3195;7;1;0;4;
UK11;-2;InteractivePathPlanning;27,8;2;0;2223;821;False;True;None;357,6673;7;1;0;4;
UK11;-2;InteractivePathPlanning;27,9;2;0;2219;821;False;True;None;357,7743;7;1;0;4;
UK11;-2;InteractivePathPlanning;28,0;2;0;2219;821;False;True;None;357,7743;7;1;0;4;
UK11;-2;InteractivePathPlanning;28,1;2;0;2219;821;False;True;None;357,7743;7;1;0;4;
UK11;-2;InteractivePathPlanning;28,2;2;0;2219;821;False;True;None;357,7743;7;1;0;4;
UK11;-2;InteractivePathPlanning;28,3;2;0;2219;821;False;True;None;357,7743;7;1;0;4;
UK11;-2;InteractivePathPlanning;28,4;2;0;2219;821;False;True;None;357,7743;7;1;0;4;
UK11;-2;InteractivePathPlanning;28,5;2;0;2219;821;False;True;None;357,7743;7;1;0;4;
UK11;-2;InteractivePathPlanning;28,6;2;0;2219;821;False;True;None;357,7743;7;1;0;4;
UK11;-2;InteractivePathPlanning;28,7;2;0;2219;821;False;True;None;357,7743;7;1;0;4;
UK11;-2;InteractivePathPlanning;28,8;2;0;2219;821;False;True;None;357,7743;7;1;0;4;
UK11;-2;InteractivePathPlanning;28,9;2;0;2219;821;False;True;None;357,7743;7;1;0;4;
UK11;-2;InteractivePathPlanning;29,0;2;0;2219;821;False;True;None;357,7743;7;1;0;5;
UK11;-2;InteractivePathPlanning;29,1;2;0;2219;821;False;True;None;357,7743;7;1;0;5;
UK11;-2;InteractivePathPlanning;29,2;2;0;2219;821;False;True;None;357,7743;7;1;0;5;
UK11;-2;InteractivePathPlanning;29,3;2;0;2219;821;False;True;None;357,7743;7;1;0;5;
UK11;-2;InteractivePathPlanning;29,4;2;0;2219;821;False;True;None;357,7743;7;1;0;5;
UK11;-2;InteractivePathPlanning;29,5;2;0;2219;821;False;True;None;357,7743;7;1;0;5;
UK11;-2;InteractivePathPlanning;29,6;2;0;2219;821;False;True;None;357,7743;7;1;0;5;
UK11;-2;InteractivePathPlanning;29,7;2;0;2219;821;False;True;None;357,7743;7;1;0;5;
UK11;-2;InteractivePathPlanning;29,8;2;0;2219;821;False;True;None;357,7743;7;1;0;5;
UK11;-2;InteractivePathPlanning;29,9;2;0;2219;821;False;True;None;357,7743;7;1;0;5;
UK11;-2;InteractivePathPlanning;30,0;2;0;2222;821;False;True;None;357,8546;7;1;0;6;
UK11;-2;InteractivePathPlanning;30,1;2;0;2222;821;False;True;None;357,8546;7;1;0;6;
UK11;-2;InteractivePathPlanning;30,2;2;0;2222;821;False;True;None;357,8546;7;1;0;6;
UK11;-2;InteractivePathPlanning;30,3;2;0;2229;815;False;True;None;358,1553;7;1;0;6;
UK11;-2;InteractivePathPlanning;30,4;2;0;2233;811;False;True;None;358,3693;7;1;0;6;
UK11;-2;InteractivePathPlanning;30,5;2;0;2236;804;False;True;None;358,6368;7;1;0;6;
UK11;-2;InteractivePathPlanning;30,6;2;0;2233;804;False;True;None;358,7171;7;1;0;6;
UK11;-2;InteractivePathPlanning;30,7;2;0;2226;804;False;True;None;358,7974;7;1;0;6;
UK11;-2;InteractivePathPlanning;30,8;2;0;2223;811;False;True;None;359,1184;7;1;0;6;
UK11;-2;InteractivePathPlanning;30,9;2;0;2223;811;False;True;None;359,1184;7;1;0;6;
UK11;-2;InteractivePathPlanning;31,0;2;0;2223;814;False;True;None;359,1986;7;1;0;6;
UK11;-2;InteractivePathPlanning;31,1;2;0;2226;818;False;True;None;359,2789;7;1;0;6;
UK11;-2;InteractivePathPlanning;31,2;2;0;2226;818;False;True;None;359,3859;7;1;0;6;
UK11;-2;InteractivePathPlanning;31,3;2;0;2229;818;False;True;None;359,4662;7;1;0;6;
UK11;-2;InteractivePathPlanning;31,4;2;0;2229;818;False;True;None;359,4662;8;1;0;6;
UK11;-2;InteractivePathPlanning;31,5;2;0;2229;818;False;True;None;359,4662;8;1;0;6;
UK11;-2;InteractivePathPlanning;31,6;2;0;2229;818;False;True;None;359,4662;8;1;0;6;
UK11;-2;InteractivePathPlanning;31,7;2;0;2229;818;False;True;None;359,4662;8;1;0;6;
UK11;-2;InteractivePathPlanning;31,8;2;0;2229;818;False;True;None;359,4662;8;1;0;6;
UK11;-2;InteractivePathPlanning;31,9;2;0;2229;818;False;True;None;359,4662;8;1;0;6;
UK11;-2;InteractivePathPlanning;32,0;2;0;2229;818;False;True;None;359,4662;8;2;0;6;
UK11;-2;InteractivePathPlanning;32,1;2;0;2229;818;False;True;None;359,4662;8;2;0;6;
UK11;-2;InteractivePathPlanning;32,2;2;0;2229;818;False;True;None;359,4662;8;2;0;6;
UK11;-2;InteractivePathPlanning;32,3;2;0;2229;832;False;True;None;359,8407;8;2;0;6;
UK11;-2;InteractivePathPlanning;32,4;2;0;2226;835;False;True;None;360,0012;8;2;0;6;
UK11;-2;InteractivePathPlanning;32,5;2;0;2226;835;False;True;None;360,0012;8;2;0;6;
UK11;-2;InteractivePathPlanning;32,6;2;0;2226;835;False;True;None;360,0012;9;2;0;6;
UK11;-2;InteractivePathPlanning;32,7;2;0;2226;835;False;True;None;360,0012;9;2;0;6;
UK11;-2;InteractivePathPlanning;32,8;2;0;2226;835;False;True;None;360,0012;9;2;0;6;
UK11;-2;InteractivePathPlanning;32,9;2;0;2226;835;False;True;None;360,0012;9;2;0;6;
UK11;-2;InteractivePathPlanning;33,0;2;0;2226;835;False;True;None;360,0012;9;2;0;6;
UK11;-2;InteractivePathPlanning;33,1;2;0;2226;835;False;True;None;360,0012;9;2;0;6;
UK11;-2;InteractivePathPlanning;33,2;2;0;2226;835;False;True;None;360,0012;9;2;0;6;
UK11;-2;InteractivePathPlanning;33,3;2;0;2226;835;False;True;None;360,0012;9;2;0;6;
UK11;-2;InteractivePathPlanning;33,4;2;0;2205;839;False;True;None;360,2687;9;2;0;6;
UK11;-2;InteractivePathPlanning;33,5;2;0;2041;961;False;True;None;365,028;9;2;0;6;
UK11;-2;InteractivePathPlanning;33,6;2;0;1992;1035;False;True;None;368,4792;9;2;0;6;
UK11;-2;InteractivePathPlanning;33,7;2;0;1978;1066;False;True;None;369,3426;9;2;0;6;
UK11;-2;InteractivePathPlanning;33,8;2;0;1936;1133;False;True;None;371,0045;9;2;0;6;
UK11;-2;InteractivePathPlanning;33,9;2;0;1897;1192;False;True;None;373,5546;9;2;0;6;
UK11;-2;InteractivePathPlanning;34,0;2;0;1894;1199;False;True;None;373,7584;10;2;0;6;
UK11;-2;InteractivePathPlanning;34,1;2;0;1928;1199;False;True;None;374,2934;10;2;0;6;
UK11;-2;InteractivePathPlanning;34,2;2;0;1974;1193;False;True;None;375,9585;10;2;0;6;
UK11;-2;InteractivePathPlanning;34,3;2;0;1977;1193;False;True;None;376,0388;11;2;0;6;
UK11;-2;InteractivePathPlanning;34,4;2;0;1977;1186;False;True;None;376,1458;11;2;0;6;
UK11;-2;InteractivePathPlanning;34,5;2;0;1981;1175;False;True;None;376,5646;11;2;0;6;
UK11;-2;InteractivePathPlanning;34,6;2;0;1981;1175;False;True;None;376,5646;11;2;0;6;
UK11;-2;InteractivePathPlanning;34,7;2;0;1981;1175;False;True;None;376,5646;11;2;0;6;
UK11;-2;InteractivePathPlanning;34,8;2;0;1981;1175;False;True;None;376,5646;11;2;0;6;
UK11;-2;InteractivePathPlanning;34,9;2;0;1981;1175;False;True;None;376,5646;11;2;0;6;
UK11;-2;InteractivePathPlanning;35,0;2;0;1981;1175;False;True;None;376,5646;11;2;0;6;
UK11;-2;InteractivePathPlanning;35,1;2;0;1981;1175;False;True;None;376,5646;11;2;0;6;
UK11;-2;InteractivePathPlanning;35,2;2;0;1981;1175;False;True;None;376,5646;11;2;0;6;
UK11;-2;InteractivePathPlanning;35,3;2;0;1981;1175;False;True;None;376,5646;11;2;0;6;
UK11;-2;InteractivePathPlanning;35,4;2;0;1981;1175;False;True;None;376,5646;11;2;0;6;
UK11;-2;InteractivePathPlanning;35,5;2;0;2037;1112;False;True;None;378,0827;11;2;0;6;
UK11;-2;InteractivePathPlanning;35,6;2;0;2142;937;False;True;None;382,8886;11;2;0;6;
UK11;-2;InteractivePathPlanning;35,7;2;0;2177;878;False;True;None;386,1806;11;2;0;6;
UK11;-2;InteractivePathPlanning;35,8;2;0;2198;867;False;True;None;386,6354;11;2;0;6;
UK11;-2;InteractivePathPlanning;35,9;2;0;2219;857;False;True;None;387,3835;11;2;0;6;
UK11;-2;InteractivePathPlanning;36,0;2;0;2233;846;False;True;None;388,0763;11;2;0;6;
UK11;-2;InteractivePathPlanning;36,1;2;0;2233;846;False;True;None;388,0763;11;2;0;6;
UK11;-2;InteractivePathPlanning;36,2;2;0;2230;846;False;True;None;388,0763;12;2;0;6;
UK11;-2;InteractivePathPlanning;36,3;2;0;2226;846;False;True;None;388,2635;12;2;0;6;
UK11;-2;InteractivePathPlanning;36,4;2;0;2223;849;False;True;None;388,3438;12;2;0;6;
UK11;-2;InteractivePathPlanning;36,5;2;0;2223;849;False;True;None;388,4241;13;2;0;6;
UK11;-2;InteractivePathPlanning;36,6;2;0;2223;849;False;True;None;388,4241;13;2;0;6;
UK11;-2;InteractivePathPlanning;36,7;2;0;2223;849;False;True;None;388,4241;13;2;0;6;
UK11;-2;InteractivePathPlanning;36,8;2;0;2223;849;False;True;None;388,4241;13;2;0;6;
UK11;-2;InteractivePathPlanning;36,9;2;0;2236;741;False;True;None;391,3621;13;2;0;6;
UK11;-2;InteractivePathPlanning;37,0;2;0;2191;468;False;True;None;397,4304;13;2;0;6;
UK11;-2;InteractivePathPlanning;37,1;2;0;2170;437;False;True;None;399,9229;13;2;0;6;
UK11;-2;InteractivePathPlanning;37,2;2;0;2173;517;False;True;None;402,0661;13;2;0;6;
UK11;-2;InteractivePathPlanning;37,3;2;0;2219;720;False;True;None;406,898;13;2;0;6;
UK11;-2;InteractivePathPlanning;37,4;2;0;2226;800;False;True;None;409,5565;13;2;0;6;
UK11;-2;InteractivePathPlanning;37,5;2;0;2233;821;False;True;None;410,4466;13;2;0;6;
UK11;-2;InteractivePathPlanning;37,6;2;0;2230;828;False;True;None;410,6339;13;2;0;6;
UK11;-2;InteractivePathPlanning;37,7;2;0;2223;839;False;True;None;411,0886;13;2;0;6;
UK11;-2;InteractivePathPlanning;37,8;2;0;2219;842;False;True;None;411,3294;13;2;0;6;
UK11;-2;InteractivePathPlanning;37,9;2;0;2219;842;False;True;None;411,3294;14;2;0;6;
UK11;-2;InteractivePathPlanning;38,0;2;0;2222;842;False;True;None;411,3294;14;2;0;6;
UK11;-2;InteractivePathPlanning;38,1;2;0;2226;842;False;True;None;411,5166;14;2;0;6;
UK11;-2;InteractivePathPlanning;38,2;2;0;2226;842;False;True;None;411,5166;14;2;0;6;
UK11;-2;InteractivePathPlanning;38,3;2;0;2121;825;False;True;None;413,1248;14;2;0;6;
UK11;-2;InteractivePathPlanning;38,4;2;0;1995;801;False;True;None;417,8443;14;2;0;6;
UK11;-2;InteractivePathPlanning;38,5;2;0;1967;787;False;True;None;418,7326;14;2;0;6;
UK11;-2;InteractivePathPlanning;38,6;2;0;2093;786;False;True;None;420,7925;14;2;0;6;
UK11;-2;InteractivePathPlanning;38,7;2;0;2226;811;False;True;None;425,8542;14;2;0;6;
UK11;-2;InteractivePathPlanning;38,8;2;0;2243;821;False;True;None;426,4277;14;2;0;6;
UK11;-2;InteractivePathPlanning;38,9;2;0;2233;832;False;True;None;426,9157;14;2;0;6;
UK11;-2;InteractivePathPlanning;39,0;2;0;2219;853;False;True;None;427,745;14;2;0;6;
UK11;-2;InteractivePathPlanning;39,1;2;0;2219;860;False;True;None;427,9323;14;2;0;6;
UK11;-2;InteractivePathPlanning;39,2;2;0;2219;860;False;True;None;427,9323;14;2;0;6;
UK11;-2;InteractivePathPlanning;39,3;2;0;2226;863;False;True;None;428,1998;14;2;0;6;
UK11;-2;InteractivePathPlanning;39,4;2;0;2233;867;False;True;None;428,494;14;2;0;6;
UK11;-2;InteractivePathPlanning;39,5;2;0;2233;870;False;True;None;428,5743;14;3;0;6;
UK11;-2;InteractivePathPlanning;39,6;2;0;2233;870;False;True;None;428,5743;14;3;0;6;
UK11;-2;InteractivePathPlanning;39,7;2;0;2233;870;False;True;None;428,5743;14;3;0;6;
UK11;-2;InteractivePathPlanning;39,8;2;0;2219;881;False;True;None;428,708;14;3;0;6;
UK11;-2;InteractivePathPlanning;39,9;2;0;2083;986;False;True;None;433,6707;14;3;0;6;
UK11;-2;InteractivePathPlanning;40,0;2;0;2037;1049;False;True;None;435,5848;14;3;0;6;
UK11;-2;InteractivePathPlanning;40,1;2;0;2006;1091;False;True;None;436,8631;14;3;0;6;
UK11;-2;InteractivePathPlanning;40,2;2;0;1932;1136;False;True;None;439,5532;14;3;0;6;
UK11;-2;InteractivePathPlanning;40,3;2;0;1918;1157;False;True;None;440,1926;14;3;0;6;
UK11;-2;InteractivePathPlanning;40,4;2;0;1932;1171;False;True;None;440,9046;14;3;0;6;
UK11;-2;InteractivePathPlanning;40,5;2;0;1953;1175;False;True;None;441,6177;14;3;0;6;
UK11;-2;InteractivePathPlanning;40,6;2;0;1963;1175;False;True;None;441,8852;14;3;0;6;
UK11;-2;InteractivePathPlanning;40,7;2;0;1963;1175;False;True;None;441,8852;15;3;0;6;
UK11;-2;InteractivePathPlanning;40,8;2;0;1963;1175;False;True;None;441,8852;15;3;0;6;
UK11;-2;InteractivePathPlanning;40,9;2;0;1963;1175;False;True;None;441,8852;15;3;0;6;
UK11;-2;InteractivePathPlanning;41,0;2;0;1963;1175;False;True;None;441,8852;15;3;0;6;
UK11;-2;InteractivePathPlanning;41,1;2;0;1963;1175;False;True;None;441,8852;15;3;0;6;
UK11;-2;InteractivePathPlanning;41,2;2;0;1963;1175;False;True;None;441,8852;15;3;0;6;
UK11;-2;InteractivePathPlanning;41,3;2;0;1963;1175;False;True;None;441,8852;15;3;0;6;
UK11;-2;InteractivePathPlanning;41,4;2;0;1970;1172;False;True;None;442,1057;15;3;0;6;
UK11;-2;InteractivePathPlanning;41,5;2;0;1974;1168;False;True;None;442,257;15;3;0;6;
UK11;-2;InteractivePathPlanning;41,6;2;0;1977;1165;False;True;None;442,3373;15;3;0;6;
UK11;-2;InteractivePathPlanning;41,7;2;0;1977;1165;False;True;None;442,4175;15;3;0;6;
UK11;-2;InteractivePathPlanning;41,8;2;0;1977;1165;False;True;None;442,4175;15;3;0;6;
UK11;-2;InteractivePathPlanning;41,9;2;0;1977;1165;False;True;None;442,4175;15;3;0;6;
UK11;-2;InteractivePathPlanning;42,0;2;0;1977;1165;False;True;None;442,4175;15;3;0;6;
UK11;-2;InteractivePathPlanning;42,1;2;0;1971;1175;False;True;None;442,7348;15;3;0;6;
UK11;-2;InteractivePathPlanning;42,2;2;0;1967;1206;False;True;None;443,4185;15;3;0;6;
UK11;-2;InteractivePathPlanning;42,3;2;0;1967;1210;False;True;None;443,7412;15;3;0;6;
UK11;-2;InteractivePathPlanning;42,4;2;0;1967;1210;False;True;None;443,7412;15;3;0;6;
UK11;-2;InteractivePathPlanning;42,5;2;0;1967;1210;False;True;None;443,7412;15;3;0;6;
UK11;-2;InteractivePathPlanning;42,6;2;0;1967;1210;False;True;None;443,7412;15;3;0;6;
UK11;-2;InteractivePathPlanning;42,7;2;0;1967;1210;False;True;None;443,7412;15;3;0;6;
UK11;-2;InteractivePathPlanning;42,8;2;0;1967;1210;False;True;None;443,7412;15;3;0;6;
UK11;-2;InteractivePathPlanning;42,9;2;0;1964;1210;False;True;None;443,8215;15;3;0;6;
UK11;-2;InteractivePathPlanning;43,0;2;0;1964;1207;False;True;None;443,9018;15;3;0;6;
UK11;-2;InteractivePathPlanning;43,1;2;0;1964;1210;False;True;None;443,9018;15;3;0;6;
UK11;-2;InteractivePathPlanning;43,2;2;0;1964;1217;False;True;None;444,1693;15;3;0;6;
UK11;-2;InteractivePathPlanning;43,3;2;0;1964;1217;False;True;None;444,1693;15;3;0;6;
UK11;-2;InteractivePathPlanning;43,4;2;0;1960;1217;False;True;None;444,2763;15;3;0;6;
UK11;-2;InteractivePathPlanning;43,5;2;0;1957;1217;False;True;None;444,3565;15;3;0;6;
UK11;-2;InteractivePathPlanning;43,6;2;0;1953;1217;False;True;None;444,4635;15;3;0;6;
UK11;-2;InteractivePathPlanning;43,7;2;0;1950;1217;False;True;None;444,5438;15;3;0;6;
UK11;-2;InteractivePathPlanning;43,8;2;0;1946;1220;False;True;None;444,731;15;3;0;6;
UK11;-2;InteractivePathPlanning;43,9;2;0;1943;1224;False;True;None;444,9183;15;3;0;6;
UK11;-2;InteractivePathPlanning;44,0;2;0;1943;1224;False;True;None;444,9183;15;3;0;6;
UK11;-2;InteractivePathPlanning;44,1;2;0;1943;1224;False;True;None;444,9183;15;3;0;6;
UK11;-2;InteractivePathPlanning;44,2;2;0;1943;1224;False;True;None;444,9183;15;3;0;6;
UK11;-2;InteractivePathPlanning;44,3;2;0;1943;1224;False;True;None;444,9183;15;3;0;6;
UK11;-2;InteractivePathPlanning;44,4;2;0;1943;1224;False;True;None;444,9183;15;3;0;6;
UK11;-2;InteractivePathPlanning;44,5;2;0;1943;1224;False;True;None;444,9183;15;3;0;6;
UK11;-2;InteractivePathPlanning;44,6;2;0;1939;1224;False;True;None;444,9183;15;3;0;6;
UK11;-2;InteractivePathPlanning;44,7;2;0;1936;1227;False;True;None;445,1858;15;3;0;6;
UK11;-2;InteractivePathPlanning;44,8;2;0;1936;1231;False;True;None;445,2928;15;3;0;6;
UK11;-2;InteractivePathPlanning;44,9;2;0;1984;1203;False;True;None;446,3673;15;3;0;6;
UK11;-2;InteractivePathPlanning;45,0;2;0;2121;1133;False;True;None;450,269;15;3;0;6;
UK11;-2;InteractivePathPlanning;45,1;2;0;2166;1081;False;True;None;452,5194;15;3;0;6;
UK11;-2;InteractivePathPlanning;45,2;2;0;2180;972;False;True;None;455,3084;15;3;0;6;
UK11;-2;InteractivePathPlanning;45,3;2;0;2198;846;False;True;None;458,6347;15;3;0;6;
UK11;-2;InteractivePathPlanning;45,4;2;0;2219;752;False;True;None;461,6419;15;3;0;6;
UK11;-2;InteractivePathPlanning;45,5;2;0;2219;748;False;True;None;461,9362;15;3;0;6;
UK11;-2;InteractivePathPlanning;45,6;2;0;2198;765;False;True;None;462,415;15;3;0;6;
UK11;-2;InteractivePathPlanning;45,7;2;0;2181;800;False;True;None;463,5458;15;3;0;6;
UK11;-2;InteractivePathPlanning;45,8;2;0;2174;828;False;True;None;464,3889;15;3;0;6;
UK11;-2;InteractivePathPlanning;45,9;2;0;2177;870;False;True;None;465,4321;15;3;0;6;
UK11;-2;InteractivePathPlanning;46,0;2;0;2194;947;False;True;None;467,5993;15;3;0;6;
UK11;-2;InteractivePathPlanning;46,1;2;0;2184;986;False;True;None;468,817;15;3;0;6;
UK11;-2;InteractivePathPlanning;46,2;2;0;2181;993;False;True;None;469,2247;15;3;0;6;
UK11;-2;InteractivePathPlanning;46,3;2;0;2181;993;False;True;None;469,2247;15;3;0;6;
UK11;-2;InteractivePathPlanning;46,4;2;0;2181;993;False;True;None;469,2247;15;3;0;6;
UK11;-2;InteractivePathPlanning;46,5;2;0;2191;965;False;True;None;469,9219;15;3;0;6;
UK11;-2;InteractivePathPlanning;46,6;2;0;2205;913;False;True;None;471,3664;15;3;0;6;
UK11;-2;InteractivePathPlanning;46,7;2;0;2205;913;False;True;None;471,5821;15;3;0;6;
UK11;-2;InteractivePathPlanning;46,8;2;0;2212;930;False;True;None;471,9489;15;3;0;6;
UK11;-2;InteractivePathPlanning;46,9;2;0;2212;933;False;True;None;472,1805;15;3;0;6;
UK11;-2;InteractivePathPlanning;47,0;2;0;2212;930;False;True;None;472,1805;15;3;0;6;
UK11;-2;InteractivePathPlanning;47,1;2;0;2209;933;False;True;None;472,341;15;3;0;6;
UK11;-2;InteractivePathPlanning;47,2;2;0;2209;947;False;True;None;472,7957;15;3;0;6;
UK11;-2;InteractivePathPlanning;47,3;2;0;2209;951;False;True;None;472,9027;15;3;0;6;
UK11;-2;InteractivePathPlanning;47,4;2;0;2188;948;False;True;None;473,2937;15;3;0;6;
UK11;-2;InteractivePathPlanning;47,5;2;0;2156;944;False;True;None;474,1941;15;3;0;6;
UK11;-2;InteractivePathPlanning;47,6;2;0;2142;941;False;True;None;474,7826;15;3;0;6;
UK11;-2;InteractivePathPlanning;47,7;2;0;2145;958;False;True;None;475,0769;15;3;0;6;
UK11;-2;InteractivePathPlanning;47,8;2;0;2152;979;False;True;None;475,7633;15;3;0;6;
UK11;-2;InteractivePathPlanning;47,9;2;0;2152;986;False;True;None;476,0843;15;3;0;6;
UK11;-2;InteractivePathPlanning;48,0;2;0;2152;986;False;True;None;476,0843;15;3;0;6;
UK11;-2;InteractivePathPlanning;48,1;2;0;2156;989;False;True;None;476,2715;15;3;0;6;
UK11;-2;InteractivePathPlanning;48,2;2;0;2156;993;False;True;None;476,3785;15;3;0;6;
UK11;-2;InteractivePathPlanning;48,3;2;0;2156;993;False;True;None;476,3785;15;3;0;6;
UK11;-2;InteractivePathPlanning;48,4;2;0;2156;993;False;True;None;476,3785;15;4;0;6;
UK11;-2;InteractivePathPlanning;48,5;2;0;2156;993;False;True;None;476,3785;15;4;0;6;
UK11;-2;InteractivePathPlanning;48,6;2;0;2156;948;False;True;None;477,2079;15;4;0;6;
UK11;-2;InteractivePathPlanning;48,7;2;0;2159;892;False;True;None;478,9098;15;4;0;6;
UK11;-2;InteractivePathPlanning;48,8;2;0;2159;843;False;True;None;480,3276;15;4;0;6;
UK11;-2;InteractivePathPlanning;48,9;2;0;2163;832;False;True;None;480,8091;15;4;0;6;
UK11;-2;InteractivePathPlanning;49,0;2;0;2163;832;False;True;None;480,8091;15;4;0;6;
UK11;-2;InteractivePathPlanning;49,1;2;0;2166;832;False;True;None;480,8894;15;4;0;6;
UK11;-2;InteractivePathPlanning;49,2;2;0;2166;832;False;True;None;480,8894;15;4;0;6;
UK11;-2;InteractivePathPlanning;49,3;2;0;2177;829;False;True;None;481,1099;15;4;0;6;
UK11;-2;InteractivePathPlanning;49,4;2;0;2198;825;False;True;None;481,716;15;4;0;6;
UK11;-2;InteractivePathPlanning;49,5;2;0;2215;835;False;True;None;482,3553;15;4;0;6;
UK11;-2;InteractivePathPlanning;49,6;2;0;2222;839;False;True;None;482,5426;15;4;0;6;
UK11;-2;InteractivePathPlanning;49,7;2;0;2226;842;False;True;None;482,8636;15;4;0;6;
UK11;-2;InteractivePathPlanning;49,8;2;0;2233;842;False;True;None;483,0508;15;4;0;6;
UK11;-2;InteractivePathPlanning;49,9;2;0;2233;842;False;True;None;483,0508;15;4;0;6;
UK11;-2;InteractivePathPlanning;50,0;2;0;2233;842;False;True;None;483,0508;15;4;0;6;
UK11;-2;InteractivePathPlanning;50,1;2;0;2233;842;False;True;None;483,0508;15;4;0;6;
UK11;-2;InteractivePathPlanning;50,2;2;0;2230;842;False;True;None;483,1311;15;4;0;6;
UK11;-2;InteractivePathPlanning;50,3;2;0;2230;842;False;True;None;483,1311;15;5;0;6;
UK11;-2;InteractivePathPlanning;50,4;2;0;2230;842;False;True;None;483,1311;15;5;0;6;
UK11;-2;InteractivePathPlanning;50,5;2;0;2230;842;False;True;None;483,1311;15;5;0;6;
UK11;-2;InteractivePathPlanning;50,6;2;0;2230;842;False;True;None;483,1311;15;5;0;6;
UK11;-2;InteractivePathPlanning;50,7;2;0;2230;846;False;True;None;483,2381;15;5;0;6;
UK11;-2;InteractivePathPlanning;50,8;2;0;2230;846;False;True;None;483,2381;15;5;0;6;
UK11;-2;InteractivePathPlanning;50,9;2;0;2230;846;False;True;None;483,2381;15;5;0;6;
UK11;-2;InteractivePathPlanning;51,0;2;0;2230;811;False;True;None;483,8801;15;5;0;6;
UK11;-2;InteractivePathPlanning;51,1;2;0;2233;790;False;True;None;484,7694;15;5;0;6;
UK11;-2;InteractivePathPlanning;51,2;2;0;2230;780;False;True;None;485,0369;15;5;0;6;
UK11;-2;InteractivePathPlanning;51,3;2;0;2223;773;False;True;None;485,4382;15;5;0;6;
UK11;-2;InteractivePathPlanning;51,4;2;0;2223;773;False;True;None;485,4382;15;6;0;6;
UK11;-2;InteractivePathPlanning;51,5;2;0;2226;776;False;True;None;485,5517;15;6;0;6;
UK11;-2;InteractivePathPlanning;51,6;2;0;2212;786;False;True;None;485,9612;15;6;0;6;
UK11;-2;InteractivePathPlanning;51,7;2;0;2202;800;False;True;None;486,5562;15;6;0;6;
UK11;-2;InteractivePathPlanning;51,8;2;0;2198;804;False;True;None;486,7075;15;6;0;6;
UK11;-2;InteractivePathPlanning;51,9;2;0;2198;804;False;True;None;486,7075;15;6;0;6;
UK11;-2;InteractivePathPlanning;52,0;2;0;2198;804;False;True;None;486,7075;15;6;0;6;
UK11;-2;InteractivePathPlanning;52,1;2;0;2198;804;False;True;None;486,7075;15;6;0;6;
UK11;-2;InteractivePathPlanning;52,2;2;0;2198;804;False;True;None;486,7075;15;6;0;6;
UK11;-2;InteractivePathPlanning;52,3;2;0;2198;804;False;True;None;486,7075;15;6;0;6;
UK11;-2;InteractivePathPlanning;52,4;2;0;2198;804;False;True;None;486,7075;15;6;0;6;
UK11;-2;InteractivePathPlanning;52,5;2;0;2198;804;False;True;None;486,7075;15;6;0;6;
UK11;-2;InteractivePathPlanning;52,6;2;0;2198;804;False;True;None;486,7075;15;6;0;6;
UK11;-2;InteractivePathPlanning;52,7;2;0;2201;807;False;True;None;486,821;15;6;0;6;
UK11;-2;InteractivePathPlanning;52,8;2;0;2201;807;False;True;None;486,821;15;6;0;6;
UK11;-2;InteractivePathPlanning;52,9;2;0;2205;807;False;True;None;486,928;15;6;0;6;
UK11;-2;InteractivePathPlanning;53,0;2;0;2208;811;False;True;None;487,1152;15;6;0;6;
UK11;-2;InteractivePathPlanning;53,1;2;0;2212;811;False;True;None;487,2222;15;6;0;6;
UK11;-2;InteractivePathPlanning;53,2;2;0;2212;811;False;True;None;487,2222;15;6;0;6;
UK11;-2;InteractivePathPlanning;53,3;2;0;2212;811;False;True;None;487,2222;15;6;0;6;
UK11;-2;InteractivePathPlanning;53,4;2;0;2212;811;False;True;None;487,2222;15;6;0;6;
UK11;-2;InteractivePathPlanning;53,5;2;0;2215;811;False;True;None;487,3025;15;6;0;6;
UK11;-2;InteractivePathPlanning;53,6;2;0;2215;811;False;True;None;487,3025;15;6;0;6;
UK11;-2;InteractivePathPlanning;53,7;2;0;2215;811;False;True;None;487,3025;15;6;0;6;
UK11;-2;InteractivePathPlanning;53,8;2;0;2215;811;False;True;None;487,3025;15;6;0;6;
UK11;-2;InteractivePathPlanning;53,9;2;0;2215;811;False;True;None;487,3025;15;6;0;6;
UK11;-2;InteractivePathPlanning;54,0;2;0;2215;811;False;True;None;487,3025;15;6;0;6;
UK11;-2;InteractivePathPlanning;54,1;2;0;2215;811;False;True;None;487,3025;15;6;0;6;
UK11;-2;InteractivePathPlanning;54,2;2;0;2215;811;False;True;None;487,3025;15;6;0;6;
UK11;-2;InteractivePathPlanning;54,3;2;0;2215;811;False;True;None;487,3025;15;6;0;6;
UK11;-2;InteractivePathPlanning;54,4;2;0;2215;811;False;True;None;487,3025;15;6;0;6;
UK11;-2;InteractivePathPlanning;54,5;2;0;2215;811;False;True;None;487,3025;15;6;0;6;
UK11;-2;InteractivePathPlanning;54,6;2;0;2215;811;False;True;None;487,3025;15;6;0;6;
UK11;-2;InteractivePathPlanning;54,7;2;0;2215;811;False;True;None;487,3025;15;6;0;6;
UK11;-2;InteractivePathPlanning;54,8;2;0;2215;811;False;True;None;487,3025;15;6;0;6;
UK11;-2;InteractivePathPlanning;54,9;2;0;2215;811;False;True;None;487,3025;15;6;0;6;
UK11;-2;InteractivePathPlanning;55,0;2;0;2215;811;False;True;None;487,3025;15;6;0;6;
UK11;-2;InteractivePathPlanning;55,1;2;0;2215;811;False;True;None;487,3025;15;6;0;6;
UK11;-2;InteractivePathPlanning;55,2;2;0;2215;811;False;True;None;487,3025;15;6;0;6;
UK11;-2;InteractivePathPlanning;55,3;2;0;2202;755;False;True;None;488,1913;15;6;0;6;
UK11;-2;InteractivePathPlanning;55,4;2;0;2181;706;False;True;None;490,1977;15;6;0;6;
UK11;-2;InteractivePathPlanning;55,5;2;0;2177;689;False;True;None;490,6524;15;6;0;6;
UK11;-2;InteractivePathPlanning;55,6;2;0;2177;661;False;True;None;491,5887;15;6;0;6;
UK11;-2;InteractivePathPlanning;55,7;2;0;2174;657;False;True;None;491,6957;15;6;0;6;
UK11;-2;InteractivePathPlanning;55,8;2;0;2051;867;False;True;None;497,1973;15;6;0;6;
UK11;-2;InteractivePathPlanning;55,9;2;0;1964;1035;False;True;None;502,6451;15;6;0;6;
UK11;-2;InteractivePathPlanning;56,0;2;0;1904;1164;False;True;None;506,7677;15;6;0;6;
UK11;-2;InteractivePathPlanning;56,1;2;0;1901;1175;False;True;None;507,4972;15;6;0;6;
UK11;-2;InteractivePathPlanning;56,2;2;0;1901;1178;False;True;None;507,5775;16;6;0;6;
UK11;-2;InteractivePathPlanning;56,3;2;0;1901;1178;False;True;None;507,5775;16;6;0;6;
UK11;-2;InteractivePathPlanning;56,4;2;0;1907;1144;False;True;None;508,2303;16;6;0;6;
UK11;-2;InteractivePathPlanning;56,5;2;0;1942;1088;False;True;None;510,1682;16;6;0;6;
UK11;-2;InteractivePathPlanning;56,6;2;0;1949;1070;False;True;None;510,8343;16;6;0;6;
UK11;-2;InteractivePathPlanning;56,7;2;0;1949;1067;False;True;None;510,9145;16;6;0;6;
UK11;-2;InteractivePathPlanning;56,8;2;0;1949;1067;False;True;None;510,9145;16;6;0;6;
UK11;-2;InteractivePathPlanning;56,9;2;0;1949;1063;False;True;None;511,0215;16;6;0;6;
UK11;-2;InteractivePathPlanning;57,0;2;0;1946;1046;False;True;None;511,5095;16;6;0;6;
UK11;-2;InteractivePathPlanning;57,1;2;0;1932;1021;False;True;None;512,3389;16;6;0;6;
UK11;-2;InteractivePathPlanning;57,2;2;0;1929;997;False;True;None;513,0142;16;6;0;6;
UK11;-2;InteractivePathPlanning;57,3;2;0;1935;913;False;True;None;515,2748;16;6;0;6;
UK11;-2;InteractivePathPlanning;57,4;2;0;1939;811;False;True;None;518,0186;16;6;0;6;
UK11;-2;InteractivePathPlanning;57,5;2;0;1960;738;False;True;None;520,0846;16;6;0;6;
UK11;-2;InteractivePathPlanning;57,6;2;0;1970;713;False;True;None;520,8474;16;6;0;6;
UK11;-2;InteractivePathPlanning;57,7;2;0;1970;713;False;True;None;520,8474;16;6;0;6;
UK11;-2;InteractivePathPlanning;57,8;2;0;1974;710;False;True;None;521,0347;16;6;0;6;
UK11;-2;InteractivePathPlanning;57,9;2;0;1974;699;False;True;None;521,3289;16;6;0;6;
UK11;-2;InteractivePathPlanning;58,0;2;0;1974;699;False;True;None;521,3289;16;6;0;6;
UK11;-2;InteractivePathPlanning;58,1;2;0;1974;699;False;True;None;521,3289;16;6;0;6;
UK11;-2;InteractivePathPlanning;58,2;2;0;1974;699;False;True;None;521,3289;16;6;0;6;
UK11;-2;InteractivePathPlanning;58,3;2;0;1974;699;False;True;None;521,3289;16;6;0;6;
UK11;-2;InteractivePathPlanning;58,4;2;0;1974;699;False;True;None;521,3289;16;6;0;6;
UK11;-2;InteractivePathPlanning;58,5;2;0;1974;699;False;True;None;521,3289;16;6;0;6;
UK11;-2;InteractivePathPlanning;58,6;2;0;1974;692;False;True;None;521,5162;16;6;0;6;
UK11;-2;InteractivePathPlanning;58,7;2;0;1974;692;False;True;None;521,5162;16;6;0;6;
UK11;-2;InteractivePathPlanning;58,8;2;0;1977;692;False;True;None;521,5964;16;6;0;6;
UK11;-2;InteractivePathPlanning;58,9;2;0;1977;692;False;True;None;521,5964;16;6;0;6;
UK11;-2;InteractivePathPlanning;59,0;2;0;1977;692;False;True;None;521,5964;16;6;0;6;
UK11;-2;InteractivePathPlanning;59,1;2;0;1977;692;False;True;None;521,5964;16;6;0;6;
UK11;-2;InteractivePathPlanning;59,2;2;0;1977;692;False;True;None;521,5964;16;6;0;6;
UK11;-2;InteractivePathPlanning;59,3;2;0;1977;692;False;True;None;521,5964;16;6;0;6;
UK11;-2;InteractivePathPlanning;59,4;2;0;1977;692;False;True;None;521,5964;16;6;0;6;
UK11;-2;InteractivePathPlanning;59,5;2;0;1977;692;False;True;None;521,5964;16;6;0;6;
UK11;-2;InteractivePathPlanning;59,6;2;0;1977;692;False;True;None;521,5964;16;6;0;6;
UK11;-2;InteractivePathPlanning;59,7;2;0;1977;692;False;True;None;521,5964;16;6;0;6;
UK11;-2;InteractivePathPlanning;59,8;2;0;1977;692;False;True;None;521,5964;16;6;0;6;
UK11;-2;InteractivePathPlanning;59,9;2;0;1977;685;False;True;None;521,7837;16;6;0;6;
UK11;-2;InteractivePathPlanning;60,0;2;0;1977;688;False;True;None;521,864;16;6;0;6;
UK11;-2;InteractivePathPlanning;60,1;2;0;1977;688;False;True;None;521,864;16;6;0;6;
UK11;-2;InteractivePathPlanning;60,2;2;0;1977;685;False;True;None;521,9442;16;6;0;6;
UK11;-2;InteractivePathPlanning;60,3;2;0;1977;685;False;True;None;521,9442;16;6;0;6;
UK11;-2;InteractivePathPlanning;60,4;2;0;1977;685;False;True;None;521,9442;16;6;0;6;
UK11;-2;InteractivePathPlanning;60,5;2;0;1977;682;False;True;None;522,0245;16;6;0;6;
UK11;-2;InteractivePathPlanning;60,6;2;0;1981;675;False;True;None;522,256;16;6;0;6;
UK11;-2;InteractivePathPlanning;60,7;2;0;1984;675;False;True;None;522,3363;16;6;0;6;
UK11;-2;InteractivePathPlanning;60,8;2;0;1984;675;False;True;None;522,3363;16;6;0;6;
UK11;-2;InteractivePathPlanning;60,9;2;0;1984;671;False;True;None;522,4433;16;6;0;6;
UK11;-2;InteractivePathPlanning;61,0;2;0;1984;671;False;True;None;522,4433;16;6;0;6;
UK11;-2;InteractivePathPlanning;61,1;2;0;1984;671;False;True;None;522,4433;16;6;0;6;
UK11;-2;InteractivePathPlanning;61,2;2;0;1984;671;False;True;None;522,4433;16;6;0;6;
UK11;-2;InteractivePathPlanning;61,3;2;0;1984;671;False;True;None;522,4433;16;6;0;6;
UK11;-2;InteractivePathPlanning;61,4;2;0;1984;671;False;True;None;522,4433;16;6;0;6;
UK11;-2;InteractivePathPlanning;61,5;2;0;1984;671;False;True;None;522,4433;16;6;0;6;
UK11;-2;InteractivePathPlanning;61,6;2;0;1984;671;False;True;None;522,4433;16;6;0;6;
UK11;-2;InteractivePathPlanning;61,7;2;0;1988;671;False;True;None;522,5503;16;6;0;6;
UK11;-2;InteractivePathPlanning;61,8;2;0;1988;671;False;True;None;522,5503;16;6;0;6;
UK11;-2;InteractivePathPlanning;61,9;2;0;1991;671;False;True;None;522,6306;16;6;0;6;
UK11;-2;InteractivePathPlanning;62,0;2;0;1995;671;False;True;None;522,7375;16;6;0;6;
UK11;-2;InteractivePathPlanning;62,1;2;0;1995;671;False;True;None;522,7375;16;6;0;6;
UK11;-2;InteractivePathPlanning;62,2;2;0;1998;671;False;True;None;522,8178;16;6;0;6;
UK11;-2;InteractivePathPlanning;62,3;2;0;1998;671;False;True;None;522,8178;16;6;0;6;
UK11;-2;InteractivePathPlanning;62,4;2;0;1998;671;False;True;None;522,8178;16;6;0;6;
UK11;-2;InteractivePathPlanning;62,5;2;0;1998;671;False;True;None;522,8178;16;6;0;6;
UK11;-2;InteractivePathPlanning;62,6;2;0;1998;671;False;True;None;522,8178;16;6;0;6;
UK11;-2;InteractivePathPlanning;62,7;2;0;1998;671;False;True;None;522,8178;16;6;0;6;
UK11;-2;InteractivePathPlanning;62,8;2;0;2002;661;False;True;None;523,1138;16;6;0;6;
UK11;-2;InteractivePathPlanning;62,9;2;0;2002;661;False;True;None;523,1138;16;6;0;6;
UK11;-2;InteractivePathPlanning;63,0;2;0;2002;661;False;True;None;523,1138;16;6;0;6;
UK11;-2;InteractivePathPlanning;63,1;2;0;2002;661;False;True;None;523,1138;16;6;0;6;
UK11;-2;InteractivePathPlanning;63,2;2;0;2002;657;False;True;None;523,2208;16;6;0;6;
UK11;-2;InteractivePathPlanning;63,3;2;0;2005;660;False;True;None;523,3813;16;6;0;6;
UK11;-2;InteractivePathPlanning;63,4;2;0;2009;664;False;True;None;523,5326;16;6;0;6;
UK11;-2;InteractivePathPlanning;63,5;2;0;2009;661;False;True;None;523,6129;16;6;0;6;
UK11;-2;InteractivePathPlanning;63,6;2;0;2009;664;False;True;None;523,6931;16;6;0;6;
UK11;-2;InteractivePathPlanning;63,7;2;0;2009;664;False;True;None;523,6931;16;6;0;6;
UK11;-2;InteractivePathPlanning;63,8;2;0;2009;664;False;True;None;523,6931;16;6;0;6;
UK11;-2;InteractivePathPlanning;63,9;2;0;2009;664;False;True;None;523,6931;16;6;0;6;
UK11;-2;InteractivePathPlanning;64,0;2;0;2009;664;False;True;None;523,6931;16;6;0;6;
UK11;-2;InteractivePathPlanning;64,1;2;0;2009;664;False;True;None;523,6931;16;6;0;6;
UK11;-2;InteractivePathPlanning;64,2;2;0;2009;664;False;True;None;523,6931;16;6;0;6;
UK11;-2;InteractivePathPlanning;64,3;2;0;2009;664;False;True;None;523,6931;16;6;0;6;
UK11;-2;InteractivePathPlanning;64,4;2;0;2009;664;False;True;None;523,6931;16;6;0;6;
UK11;-2;InteractivePathPlanning;64,5;2;0;2009;664;False;True;None;523,6931;16;6;0;6;
UK11;-2;InteractivePathPlanning;64,6;2;0;2009;664;False;True;None;523,6931;16;6;0;6;
UK11;-2;InteractivePathPlanning;64,7;2;0;2009;664;False;True;None;523,6931;16;6;0;6;
UK11;-2;InteractivePathPlanning;64,8;2;0;2009;664;False;True;None;523,6931;16;6;0;6;
UK11;-2;InteractivePathPlanning;64,9;2;0;2009;664;False;True;None;523,6931;16;6;0;6;
UK11;-2;InteractivePathPlanning;65,0;2;0;2009;664;False;True;None;523,6931;16;6;0;6;
UK11;-2;InteractivePathPlanning;65,1;2;0;2009;664;False;True;None;523,6931;16;6;0;6;
UK11;-2;InteractivePathPlanning;65,2;2;0;2009;664;False;True;None;523,6931;16;6;0;6;
UK11;-2;InteractivePathPlanning;65,3;2;0;2009;664;False;True;None;523,6931;16;6;0;6;
UK11;-2;InteractivePathPlanning;65,4;2;0;2009;664;False;True;None;523,6931;16;6;0;6;
UK11;-2;InteractivePathPlanning;65,5;2;0;2009;664;False;True;None;523,6931;16;6;0;6;
UK11;-2;InteractivePathPlanning;65,6;2;0;2009;664;False;True;None;523,6931;16;6;0;6;
UK11;-2;InteractivePathPlanning;65,7;2;0;2009;664;False;True;None;523,6931;16;6;0;6;
UK11;-2;InteractivePathPlanning;65,8;2;0;2009;664;False;True;None;523,6931;16;6;0;6;
UK11;-2;InteractivePathPlanning;65,9;2;0;2009;664;False;True;None;523,6931;16;6;0;6;
UK11;-2;InteractivePathPlanning;66,0;2;0;2026;664;False;True;None;524,1479;16;6;0;6;
UK11;-2;InteractivePathPlanning;66,1;2;0;2061;643;False;True;None;525,2599;16;6;0;6;
UK11;-2;InteractivePathPlanning;66,2;2;0;2121;601;False;True;None;527,2325;16;6;0;6;
UK11;-2;InteractivePathPlanning;66,3;2;0;2142;587;False;True;None;527,9794;16;6;0;6;
UK11;-2;InteractivePathPlanning;66,4;2;0;2142;587;False;True;None;527,9794;16;6;0;6;
UK11;-2;InteractivePathPlanning;66,5;2;0;2142;587;False;True;None;527,9794;16;6;0;6;
UK11;-2;InteractivePathPlanning;66,6;2;0;2132;604;False;True;None;528,5543;16;6;0;6;
UK11;-2;InteractivePathPlanning;66,7;2;0;2128;615;False;True;None;528,9555;16;6;0;6;
UK11;-2;InteractivePathPlanning;66,8;2;0;2128;622;False;True;None;529,1428;16;6;0;6;
UK11;-2;InteractivePathPlanning;66,9;2;0;2125;622;False;True;None;529,223;16;6;0;6;
UK11;-2;InteractivePathPlanning;67,0;2;0;2125;622;False;True;None;529,223;16;6;0;6;
UK11;-2;InteractivePathPlanning;67,1;2;0;2125;622;False;True;None;529,223;16;6;0;6;
UK11;-2;InteractivePathPlanning;67,2;2;0;2125;622;False;True;None;529,223;16;6;0;6;
UK11;-2;InteractivePathPlanning;67,3;2;0;2125;622;False;True;None;529,223;16;6;0;6;
UK11;-2;InteractivePathPlanning;67,4;2;0;2125;622;False;True;None;529,223;16;6;0;6;
UK11;-2;InteractivePathPlanning;67,5;2;0;2125;622;False;True;None;529,223;16;6;0;6;
UK11;-2;InteractivePathPlanning;67,6;2;0;2125;625;False;True;None;529,3033;16;6;0;6;
UK11;-2;InteractivePathPlanning;67,7;2;0;2121;632;False;True;None;529,5975;16;6;0;6;
UK11;-2;InteractivePathPlanning;67,8;2;0;2121;636;False;True;None;529,7045;16;6;0;6;
UK11;-2;InteractivePathPlanning;67,9;2;0;2121;636;False;True;None;529,7045;16;6;0;6;
UK11;-2;InteractivePathPlanning;68,0;2;0;2121;636;False;True;None;529,7045;16;6;0;6;
UK11;-2;InteractivePathPlanning;68,1;2;0;2111;639;False;True;None;530,0053;16;6;0;6;
UK11;-2;InteractivePathPlanning;68,2;2;0;2090;674;False;True;None;531,1166;16;6;0;6;
UK11;-2;InteractivePathPlanning;68,3;2;0;2086;674;False;True;None;531,2236;16;6;0;6;
UK11;-2;InteractivePathPlanning;68,4;2;0;2086;664;False;True;None;531,4911;16;6;0;6;
UK11;-2;InteractivePathPlanning;68,5;2;0;2089;647;False;True;None;531,9792;16;6;0;6;
UK11;-2;InteractivePathPlanning;68,6;2;0;2093;640;False;True;None;532,2108;16;6;0;6;
UK11;-2;InteractivePathPlanning;68,7;2;0;2096;640;False;True;None;532,291;16;6;0;6;
UK11;-2;InteractivePathPlanning;68,8;2;0;2100;643;False;True;None;532,4783;16;6;0;6;
UK11;-2;InteractivePathPlanning;68,9;2;0;2100;643;False;True;None;532,4783;16;6;0;6;
UK11;-2;InteractivePathPlanning;69,0;2;0;2100;643;False;True;None;532,4783;16;6;0;6;
UK11;-2;InteractivePathPlanning;69,1;2;0;2100;643;False;True;None;532,4783;16;6;0;6;
UK11;-2;InteractivePathPlanning;69,2;2;0;2100;643;False;True;None;532,4783;16;6;0;6;
UK11;-2;InteractivePathPlanning;69,3;2;0;2100;646;False;True;None;532,5585;16;6;0;6;
UK11;-2;InteractivePathPlanning;69,4;2;0;2093;653;False;True;None;532,933;16;6;0;6;
UK11;-2;InteractivePathPlanning;69,5;2;0;2062;657;False;True;None;533,783;16;6;0;6;
UK11;-2;InteractivePathPlanning;69,6;2;0;1747;779;False;True;None;542,8355;16;6;0;6;
UK11;-2;InteractivePathPlanning;69,7;2;0;1456;968;False;True;None;552,1428;16;6;0;6;
UK11;-2;InteractivePathPlanning;69,8;2;0;1026;1164;False;True;None;564,868;16;6;0;6;
UK11;-2;InteractivePathPlanning;69,9;2;0;613;1245;False;True;None;576,131;16;6;0;6;
UK11;-2;InteractivePathPlanning;70,0;2;0;413;1255;False;True;None;581,4935;16;6;0;6;
UK11;-2;InteractivePathPlanning;70,1;2;0;312;1266;False;True;None;584,234;16;6;0;6;
UK11;-2;InteractivePathPlanning;70,2;2;0;119;1304;False;True;None;589,511;16;6;0;6;
UK11;-2;InteractivePathPlanning;70,3;2;0;81;1311;False;True;None;590,5485;16;6;0;6;
UK11;-2;InteractivePathPlanning;70,4;2;0;119;1294;False;True;None;591,6815;17;6;0;6;
UK11;-2;InteractivePathPlanning;70,5;2;0;336;1182;False;True;None;598,2161;17;6;0;6;
UK11;-2;InteractivePathPlanning;70,6;2;0;689;1014;False;True;None;608,6945;17;6;0;6;
UK11;-2;InteractivePathPlanning;70,7;2;0;934;892;False;True;None;616,0207;17;6;0;6;
UK11;-2;InteractivePathPlanning;70,8;2;0;990;874;False;True;None;617,7027;17;6;0;6;
UK11;-2;InteractivePathPlanning;70,9;2;0;990;874;False;True;None;617,7027;17;6;0;6;
UK11;-2;InteractivePathPlanning;71,0;2;0;990;877;False;True;None;617,783;17;6;0;6;
UK11;-2;InteractivePathPlanning;71,1;2;0;994;877;False;True;None;617,89;17;6;0;6;
UK11;-2;InteractivePathPlanning;71,2;2;0;826;1084;False;True;None;625,0366;17;6;0;6;
UK11;-2;InteractivePathPlanning;71,3;2;0;801;1304;False;True;None;632,1155;17;6;0;6;
UK11;-2;InteractivePathPlanning;71,4;2;0;990;1326;False;True;None;637,353;17;6;0;6;
UK11;-2;InteractivePathPlanning;71,5;2;0;1074;1256;False;True;None;640,3224;17;6;0;6;
UK11;-2;InteractivePathPlanning;71,6;1;1;1085;1242;False;False;None;640,8188;17;6;0;6;
UK11;-2;InteractivePathPlanning;71,7;1;1;1078;1242;False;False;None;641,0061;18;6;0;6;
UK11;-2;InteractivePathPlanning;71,8;1;1;952;1245;False;False;None;644,3887;18;6;0;6;
UK11;-2;InteractivePathPlanning;71,9;1;1;935;1248;False;False;None;644,8553;18;6;0;6;
UK11;-2;InteractivePathPlanning;72,0;1;1;935;1248;False;False;None;644,8553;18;6;0;6;
UK11;-2;InteractivePathPlanning;72,1;1;1;928;1252;False;False;None;645,071;18;6;0;6;
UK11;-2;InteractivePathPlanning;72,2;1;1;770;1269;False;False;None;649,3269;18;6;0;6;
UK11;-2;InteractivePathPlanning;72,3;1;1;504;1287;False;False;None;656,4725;18;6;0;6;
UK11;-2;InteractivePathPlanning;72,4;1;1;319;1290;False;False;None;661,4248;18;6;0;6;
UK11;-2;InteractivePathPlanning;72,5;1;1;186;1290;False;False;None;664,9828;18;6;0;6;
UK11;-2;InteractivePathPlanning;72,6;1;1;147;1294;False;False;None;666,0468;19;6;0;6;
UK11;-2;InteractivePathPlanning;72,7;1;1;213;1238;False;False;None;668,4241;19;6;0;6;
UK11;-2;InteractivePathPlanning;72,8;1;1;637;965;False;False;None;681,9261;19;6;0;6;
UK11;-2;InteractivePathPlanning;72,9;1;1;910;818;False;True;None;688,5256;19;6;0;6;
UK11;-2;InteractivePathPlanning;73,0;1;1;920;818;False;True;None;690,4657;19;6;0;6;
UK11;-2;InteractivePathPlanning;73,1;1;1;938;818;False;True;None;691,0275;19;6;0;6;
UK11;-2;InteractivePathPlanning;73,2;1;1;945;818;False;True;None;691,2147;19;6;0;6;
UK11;-2;InteractivePathPlanning;73,3;1;1;959;818;False;True;None;691,4822;19;6;0;6;
UK11;-2;InteractivePathPlanning;73,4;1;1;997;818;False;True;None;692,6058;19;6;0;6;
UK11;-2;InteractivePathPlanning;73,5;1;1;1039;808;False;True;None;693,7907;19;6;0;6;
UK11;-2;InteractivePathPlanning;73,6;1;1;1053;801;False;True;None;694,2898;19;6;0;6;
UK11;-2;InteractivePathPlanning;73,7;1;1;1060;801;False;True;None;694,4771;19;6;0;6;
UK11;-2;InteractivePathPlanning;73,8;1;1;1281;776;False;True;None;700,4472;19;6;0;6;
UK11;-2;InteractivePathPlanning;73,9;1;1;1676;752;False;True;None;709,6428;19;6;0;6;
UK11;-2;InteractivePathPlanning;74,0;1;1;1851;779;False;True;None;715,8255;19;6;0;6;
UK11;-2;InteractivePathPlanning;74,1;1;1;1963;804;False;True;None;718,9052;19;6;0;6;
UK11;-2;InteractivePathPlanning;74,2;1;1;2093;842;False;True;None;722,0816;19;6;0;6;
UK11;-2;InteractivePathPlanning;74,3;1;1;2184;856;False;True;None;725,0485;19;6;0;6;
UK11;-2;InteractivePathPlanning;74,4;1;1;2254;909;False;True;None;727,5062;19;6;0;6;
UK11;-2;InteractivePathPlanning;74,5;1;1;2223;947;False;True;None;728,7598;19;6;0;6;
UK11;-2;InteractivePathPlanning;74,6;1;1;2205;958;False;True;None;729,6072;19;6;0;6;
UK11;-2;InteractivePathPlanning;74,7;1;1;2205;958;False;True;None;729,6072;20;6;0;6;
UK11;-2;InteractivePathPlanning;74,8;1;1;2205;958;False;True;None;729,6072;20;6;0;6;
UK11;-2;InteractivePathPlanning;74,9;1;1;2205;958;False;True;None;729,6072;20;6;0;6;
UK11;-2;InteractivePathPlanning;75,0;1;1;2205;958;False;True;None;729,6072;20;7;0;6;
UK11;-2;InteractivePathPlanning;75,1;1;1;2205;958;False;True;None;729,6072;20;7;0;6;
UK11;-2;InteractivePathPlanning;75,2;1;1;2205;958;False;True;None;729,6072;20;7;0;6;
UK11;-2;InteractivePathPlanning;75,3;1;1;2174;961;False;True;None;730,453;20;7;0;6;
UK11;-2;InteractivePathPlanning;75,4;1;1;2149;1003;False;True;None;731,2463;20;7;0;6;
UK11;-2;InteractivePathPlanning;75,5;1;1;2030;1119;False;True;None;736,3406;20;7;0;6;
UK11;-2;InteractivePathPlanning;75,6;1;1;1964;1150;False;True;None;738,335;20;7;0;6;
UK11;-2;InteractivePathPlanning;75,7;1;1;1922;1175;False;True;None;739,5283;20;7;0;6;
UK11;-2;InteractivePathPlanning;75,8;1;1;1897;1185;False;True;None;740,4025;21;7;0;6;
UK11;-2;InteractivePathPlanning;75,9;1;1;1897;1185;False;True;None;740,4025;21;7;0;6;
UK11;-2;InteractivePathPlanning;76,0;1;1;1956;1077;False;True;None;742,5786;21;7;0;6;
UK11;-2;InteractivePathPlanning;76,1;1;1;2082;839;False;True;None;750,9202;21;7;0;6;
UK11;-2;InteractivePathPlanning;76,2;1;1;2131;706;False;True;None;754,7283;21;7;0;6;
UK11;-2;InteractivePathPlanning;76,3;1;1;2145;675;False;True;None;755,6026;21;7;0;6;
UK11;-2;InteractivePathPlanning;76,4;1;1;2145;671;False;True;None;755,7899;21;7;0;6;
UK11;-2;InteractivePathPlanning;76,5;1;1;2149;671;False;True;None;755,8969;21;7;0;6;
UK11;-2;InteractivePathPlanning;76,6;1;1;2149;671;False;True;None;755,8969;21;7;0;6;
UK11;-2;InteractivePathPlanning;76,7;1;1;2159;692;False;True;None;756,6727;21;7;0;6;
UK11;-2;InteractivePathPlanning;76,8;1;1;2160;772;False;True;None;758,8452;21;7;0;6;
UK11;-2;InteractivePathPlanning;76,9;1;1;2160;793;False;True;None;759,4069;21;7;0;6;
UK11;-2;InteractivePathPlanning;77,0;1;1;2149;793;False;True;None;759,7012;21;7;0;6;
UK11;-2;InteractivePathPlanning;77,1;1;1;2146;800;False;True;None;759,9687;21;7;0;6;
UK11;-2;InteractivePathPlanning;77,2;1;1;2170;828;False;True;None;760,7147;21;7;0;6;
UK11;-2;InteractivePathPlanning;77,3;1;1;2180;849;False;True;None;761,6747;21;7;0;6;
UK11;-2;InteractivePathPlanning;77,4;1;1;2177;863;False;True;None;762,325;21;7;0;6;
UK11;-2;InteractivePathPlanning;77,5;1;1;2194;870;False;True;None;762,7438;21;7;0;6;
UK11;-2;InteractivePathPlanning;77,6;1;1;2201;881;False;True;None;763,2068;21;7;0;6;
UK11;-2;InteractivePathPlanning;77,7;1;1;2188;888;False;True;None;763,7419;21;7;0;6;
UK11;-2;InteractivePathPlanning;77,8;1;1;2194;909;False;True;None;764,1597;21;7;0;6;
UK11;-2;InteractivePathPlanning;77,9;1;1;2198;912;False;True;None;764,5342;21;7;0;6;
UK11;-2;InteractivePathPlanning;78,0;1;1;2177;923;False;True;None;765,2729;21;7;0;6;
UK11;-2;InteractivePathPlanning;78,1;1;1;2177;930;False;True;None;765,3532;21;7;0;6;
UK11;-2;InteractivePathPlanning;78,2;1;1;2184;933;False;True;None;765,6743;21;7;0;6;
UK11;-2;InteractivePathPlanning;78,3;1;1;2181;933;False;True;None;765,7545;21;7;0;6;
UK11;-2;InteractivePathPlanning;78,4;1;1;2184;933;False;True;None;765,8348;21;7;0;6;
UK11;-2;InteractivePathPlanning;78,5;1;1;2191;940;False;True;None;766,1558;21;7;0;6;
UK11;-2;InteractivePathPlanning;78,6;1;1;2191;940;False;True;None;766,1558;21;7;0;6;
UK11;-2;InteractivePathPlanning;78,7;1;1;2191;940;False;True;None;766,1558;21;7;0;6;
UK11;-2;InteractivePathPlanning;78,8;1;1;2191;940;False;True;None;766,1558;21;7;0;6;
UK11;-2;InteractivePathPlanning;78,9;1;1;2191;940;False;True;None;766,1558;21;7;0;6;
UK11;-2;InteractivePathPlanning;79,0;1;1;2191;940;False;True;None;766,1558;21;7;0;6;
UK11;-2;InteractivePathPlanning;79,1;1;1;2191;940;False;True;None;766,1558;21;7;0;6;
UK11;-2;InteractivePathPlanning;79,2;1;1;2191;940;False;True;None;766,1558;21;7;0;6;
UK11;-2;InteractivePathPlanning;79,3;1;1;2184;930;False;True;None;766,5101;21;7;0;6;
UK11;-2;InteractivePathPlanning;79,4;1;1;2187;930;False;True;None;766,5904;21;7;0;6;
UK11;-2;InteractivePathPlanning;79,5;1;1;2187;930;False;True;None;766,5904;21;7;0;6;
UK11;-2;InteractivePathPlanning;79,6;1;1;2191;933;False;True;None;766,6974;21;7;0;6;
UK11;-2;InteractivePathPlanning;79,7;1;1;2194;937;False;True;None;766,9649;21;7;0;6;
UK11;-2;InteractivePathPlanning;79,8;1;1;2194;937;False;True;None;766,9649;21;7;0;6;
UK11;-2;InteractivePathPlanning;79,9;1;1;2194;937;False;True;None;766,9649;21;7;0;6;
UK11;-2;InteractivePathPlanning;80,0;1;1;2188;947;False;True;None;767,2925;21;7;0;6;
UK11;-2;InteractivePathPlanning;80,1;1;1;2170;982;False;True;None;768,4207;21;7;0;6;
UK11;-2;InteractivePathPlanning;80,2;1;1;2212;1080;False;True;None;771,0616;21;7;0;6;
UK11;-2;InteractivePathPlanning;80,3;1;1;2236;1133;False;True;None;772,8862;21;7;0;6;
UK11;-2;InteractivePathPlanning;80,4;1;1;2223;1136;False;True;None;773,2673;21;7;0;6;
UK11;-2;InteractivePathPlanning;80,5;1;1;2205;1130;False;True;None;773,6686;21;7;0;6;
UK11;-2;InteractivePathPlanning;80,6;1;1;2195;1123;False;True;None;774,2037;21;7;0;6;
UK11;-2;InteractivePathPlanning;80,7;1;1;2195;1123;False;True;None;774,2037;21;7;0;6;
UK11;-2;InteractivePathPlanning;80,8;1;1;2195;1123;False;True;None;774,2037;21;7;0;6;
UK11;-2;InteractivePathPlanning;80,9;1;1;2195;1123;False;True;None;774,2037;22;7;0;6;
UK11;-2;InteractivePathPlanning;81,0;1;1;2195;1123;False;True;None;774,2037;22;7;0;6;
UK11;-2;InteractivePathPlanning;81,1;1;1;2195;1123;False;True;None;774,2037;22;7;0;6;
UK11;-2;InteractivePathPlanning;81,2;1;1;2195;1123;False;True;None;774,2037;22;7;0;6;
UK11;-2;InteractivePathPlanning;81,3;1;1;2195;1123;False;True;None;774,2037;22;7;0;6;
UK11;-2;InteractivePathPlanning;81,4;1;1;2195;1123;False;True;None;774,2037;22;7;0;6;
UK11;-2;InteractivePathPlanning;81,5;1;1;2195;1123;False;True;None;774,2037;22;8;0;6;
UK11;-2;InteractivePathPlanning;81,6;1;1;2195;1123;False;True;None;774,2037;22;8;0;6;
UK11;-2;InteractivePathPlanning;81,7;1;1;2195;1123;False;True;None;774,2037;22;8;0;6;
UK11;-2;InteractivePathPlanning;81,8;1;1;2149;1150;False;True;None;775,6351;22;8;0;6;
UK11;-2;InteractivePathPlanning;81,9;1;1;2020;1213;False;True;None;779,4826;22;8;0;6;
UK11;-2;InteractivePathPlanning;82,0;1;1;1974;1210;False;True;None;780,5259;22;8;0;6;
UK11;-2;InteractivePathPlanning;82,1;1;1;1929;1193;False;True;None;782,035;22;8;0;6;
UK11;-2;InteractivePathPlanning;82,2;1;1;1890;1175;False;True;None;783,2114;23;8;0;6;
UK11;-2;InteractivePathPlanning;82,3;1;1;1890;1175;False;True;None;783,2114;23;8;0;6;
UK11;-2;InteractivePathPlanning;82,4;1;1;1963;1168;False;True;None;785,191;23;8;0;6;
UK11;-2;InteractivePathPlanning;82,5;1;1;2226;1084;False;True;None;792,5899;23;8;0;6;
UK11;-2;InteractivePathPlanning;82,6;1;1;2271;1067;False;True;None;793,8801;23;8;0;6;
UK11;-2;InteractivePathPlanning;82,7;1;1;2251;1073;False;True;None;794,4569;23;8;0;6;
UK11;-2;InteractivePathPlanning;82,8;1;1;2174;1098;False;True;None;796,6633;23;8;0;6;
UK11;-2;InteractivePathPlanning;82,9;1;1;2184;1112;False;True;None;796,9576;23;8;0;6;
UK11;-2;InteractivePathPlanning;83,0;1;1;2187;1129;False;True;None;797,6549;23;8;0;6;
UK11;-2;InteractivePathPlanning;83,1;1;1;2191;1154;False;True;None;798,3772;23;8;0;6;
UK11;-2;InteractivePathPlanning;83,2;1;1;2194;1157;False;True;None;798,5377;23;8;0;6;
UK11;-2;InteractivePathPlanning;83,3;1;1;2188;1147;False;True;None;798,9044;23;8;0;6;
UK11;-2;InteractivePathPlanning;83,4;1;1;2177;1144;False;True;None;799,2319;23;8;0;6;
UK11;-2;InteractivePathPlanning;83,5;1;1;2177;1161;False;True;None;799,5797;23;8;0;6;
UK11;-2;InteractivePathPlanning;83,6;1;1;2177;1178;False;True;None;800,1415;23;8;0;6;
UK11;-2;InteractivePathPlanning;83,7;1;1;2187;1185;False;True;None;800,5493;23;8;0;6;
UK11;-2;InteractivePathPlanning;83,8;1;1;2194;1189;False;True;None;800,7632;23;8;0;6;
UK11;-2;InteractivePathPlanning;83,9;1;1;2194;1189;False;True;None;800,8435;23;8;0;6;
UK11;-2;InteractivePathPlanning;84,0;1;1;2194;1189;False;True;None;800,8435;23;8;0;6;
UK11;-2;InteractivePathPlanning;84,1;1;1;2194;1189;False;True;None;800,8435;23;9;0;6;
UK11;-2;InteractivePathPlanning;84,2;1;1;2194;1189;False;True;None;800,8435;23;9;0;6;
UK11;-2;InteractivePathPlanning;84,3;1;1;2194;1189;False;True;None;800,8435;23;9;0;6;
UK11;-2;InteractivePathPlanning;84,4;1;1;2194;1189;False;True;None;800,8435;23;9;0;6;
UK11;-2;InteractivePathPlanning;84,5;1;1;2194;1189;False;True;None;800,8435;23;9;0;6;
UK11;-2;InteractivePathPlanning;84,6;1;1;2194;1189;False;True;None;800,8435;23;9;0;6;
UK11;-2;InteractivePathPlanning;84,7;1;1;2194;1189;False;True;None;800,8435;23;9;0;6;
UK11;-2;InteractivePathPlanning;84,8;1;1;2194;1189;False;True;None;800,8435;23;9;0;6;
UK11;-2;InteractivePathPlanning;84,9;1;1;2194;1189;False;True;None;800,8435;23;9;0;6;
UK11;-2;InteractivePathPlanning;85,0;1;1;2194;1189;False;True;None;800,8435;23;9;0;6;
UK11;-2;InteractivePathPlanning;85,1;1;1;2194;1189;False;True;None;800,8435;23;9;0;6;
UK11;-2;InteractivePathPlanning;85,2;1;1;2194;1189;False;True;None;800,8435;23;9;0;6;
UK11;-2;InteractivePathPlanning;85,3;1;1;2194;1189;False;True;None;800,8435;23;9;0;6;
UK11;-2;InteractivePathPlanning;85,4;1;1;2194;1189;False;True;None;800,8435;23;9;0;6;
UK11;-2;InteractivePathPlanning;85,5;1;1;2194;1189;False;True;None;800,8435;23;9;0;6;
UK11;-2;InteractivePathPlanning;85,6;1;1;2194;1189;False;True;None;800,8435;23;9;0;6;
UK11;-2;InteractivePathPlanning;85,7;1;1;2194;1189;False;True;None;800,8435;23;9;0;6;
UK11;-2;InteractivePathPlanning;85,8;1;1;2194;1189;False;True;None;800,8435;23;9;0;6;
UK11;-2;InteractivePathPlanning;85,9;1;1;2194;1189;False;True;None;800,8435;23;9;0;6;
UK11;-2;InteractivePathPlanning;86,0;1;1;2198;1192;False;True;None;801,0308;23;9;0;6;
UK11;-2;InteractivePathPlanning;86,1;1;1;2205;1196;False;True;None;801,325;23;9;0;6;
UK11;-2;InteractivePathPlanning;86,2;1;1;2205;1196;False;True;None;801,325;23;10;0;6;
UK11;-2;InteractivePathPlanning;86,3;1;1;2205;1196;False;True;None;801,325;23;10;0;6;
UK11;-2;InteractivePathPlanning;86,4;1;1;2205;1196;False;True;None;801,325;23;10;0;6;
UK11;-2;InteractivePathPlanning;86,5;1;1;2205;1196;False;True;None;801,325;23;10;0;6;
UK11;-2;InteractivePathPlanning;86,6;1;1;2205;1196;False;True;None;801,325;23;10;0;6;
UK11;-2;InteractivePathPlanning;86,7;1;1;2205;1196;False;True;None;801,325;23;10;0;6;
UK11;-2;InteractivePathPlanning;86,8;1;1;2205;1196;False;True;None;801,325;23;10;0;6;
UK11;-2;InteractivePathPlanning;86,9;1;1;2205;1196;False;True;None;801,325;23;10;0;6;
UK11;-2;InteractivePathPlanning;87,0;1;1;2205;1196;False;True;None;801,325;23;10;0;6;
UK11;-2;InteractivePathPlanning;87,1;1;1;2205;1196;False;True;None;801,325;23;10;0;6;
UK11;-2;InteractivePathPlanning;87,2;1;1;2205;1196;False;True;None;801,325;23;10;0;6;
UK11;-2;InteractivePathPlanning;87,3;1;1;2205;1196;False;True;None;801,325;23;10;0;6;
UK11;-2;InteractivePathPlanning;87,4;1;1;2205;1196;False;True;None;801,325;23;10;0;6;
UK11;-2;InteractivePathPlanning;87,5;1;1;2205;1196;False;True;None;801,325;23;10;0;6;
UK11;-2;InteractivePathPlanning;87,6;1;1;2205;1203;False;True;None;801,5123;23;10;0;6;
UK11;-2;InteractivePathPlanning;87,7;1;1;2205;1206;False;True;None;801,5925;23;10;0;6;
UK11;-2;InteractivePathPlanning;87,8;1;1;2205;1210;False;True;None;801,6995;23;10;0;6;
UK11;-2;InteractivePathPlanning;87,9;1;1;2205;1210;False;True;None;801,6995;23;11;0;6;
UK11;-2;InteractivePathPlanning;88,0;1;1;2205;1210;False;True;None;801,6995;23;11;0;6;
UK11;-2;InteractivePathPlanning;88,1;1;1;2205;1210;False;True;None;801,6995;23;11;0;6;
UK11;-2;InteractivePathPlanning;88,2;1;1;2205;1210;False;True;None;801,6995;23;11;0;6;
UK11;-2;InteractivePathPlanning;88,3;1;1;2205;1210;False;True;None;801,6995;23;11;0;6;
UK11;-2;InteractivePathPlanning;88,4;1;1;2205;1210;False;True;None;801,6995;23;11;0;6;
UK11;-2;InteractivePathPlanning;88,5;1;1;2208;1200;False;True;None;801,9938;23;11;0;6;
UK11;-2;InteractivePathPlanning;88,6;1;1;2212;1196;False;True;None;802,2078;23;11;0;6;
UK11;-2;InteractivePathPlanning;88,7;1;1;2212;1193;False;True;None;802,2881;23;11;0;6;
UK11;-2;InteractivePathPlanning;88,8;1;1;2212;1193;False;True;None;802,2881;23;11;0;6;
UK11;-2;InteractivePathPlanning;88,9;1;1;2212;1193;False;True;None;802,2881;23;11;0;6;
UK11;-2;InteractivePathPlanning;89,0;1;1;2212;1193;False;True;None;802,2881;23;11;0;6;
UK11;-2;InteractivePathPlanning;89,1;1;1;2212;1193;False;True;None;802,2881;23;11;0;6;
UK11;-2;InteractivePathPlanning;89,2;1;1;2212;1193;False;True;None;802,2881;23;11;0;6;
UK11;-2;InteractivePathPlanning;89,3;1;1;2212;1193;False;True;None;802,2881;23;11;0;6;
UK11;-2;InteractivePathPlanning;89,4;1;1;2212;1193;False;True;None;802,2881;23;11;0;6;
UK11;-2;InteractivePathPlanning;89,5;1;1;2212;1193;False;True;None;802,2881;23;11;0;6;
UK11;-2;InteractivePathPlanning;89,6;1;1;2212;1193;False;True;None;802,2881;23;11;0;6;
UK11;-2;InteractivePathPlanning;89,7;1;1;2212;1193;False;True;None;802,2881;23;11;0;6;
UK11;-2;InteractivePathPlanning;89,8;1;1;2212;1193;False;True;None;802,2881;23;11;0;6;
UK11;-2;InteractivePathPlanning;89,9;1;1;2212;1193;False;True;None;802,2881;23;11;0;6;
UK11;-2;InteractivePathPlanning;90,0;1;1;2212;1193;False;True;None;802,2881;23;11;0;6;
UK11;-2;InteractivePathPlanning;90,1;1;1;2212;1193;False;True;None;802,2881;23;11;0;6;
UK11;-2;InteractivePathPlanning;90,2;1;1;2212;1193;False;True;None;802,2881;23;11;0;6;
UK11;-2;InteractivePathPlanning;90,3;1;1;2212;1193;False;True;None;802,2881;23;11;0;6;
UK11;-2;InteractivePathPlanning;90,4;1;1;2212;1193;False;True;None;802,2881;23;11;0;6;
UK11;-2;InteractivePathPlanning;90,5;1;1;2212;1193;False;True;None;802,2881;23;11;0;6;
UK11;-2;InteractivePathPlanning;90,6;1;1;2212;1193;False;True;None;802,2881;23;11;0;6;
UK11;-2;InteractivePathPlanning;90,7;1;1;2212;1193;False;True;None;802,2881;23;12;0;6;
UK11;-2;InteractivePathPlanning;90,8;1;1;2212;1193;False;True;None;802,2881;23;12;0;6;
UK11;-2;InteractivePathPlanning;90,9;1;1;2212;1193;False;True;None;802,2881;23;12;0;6;
UK11;-2;InteractivePathPlanning;91,0;1;1;2212;1193;False;True;None;802,2881;23;12;0;6;
UK11;-2;InteractivePathPlanning;91,1;1;1;2212;1193;False;True;None;802,2881;23;12;0;6;
UK11;-2;InteractivePathPlanning;91,2;1;1;2212;1193;False;True;None;802,2881;23;12;0;6;
UK11;-2;InteractivePathPlanning;91,3;1;1;2212;1193;False;True;None;802,2881;23;12;0;6;
UK11;-2;InteractivePathPlanning;91,4;1;1;2212;1193;False;True;None;802,2881;23;12;0;6;
UK11;-2;InteractivePathPlanning;91,5;1;1;2212;1193;False;True;None;802,2881;23;12;0;6;
UK11;-2;InteractivePathPlanning;91,6;1;1;2212;1193;False;True;None;802,2881;23;12;0;6;
UK11;-2;InteractivePathPlanning;91,7;1;1;2212;1193;False;True;None;802,2881;23;12;0;6;
UK11;-2;InteractivePathPlanning;91,8;1;1;2212;1193;False;True;None;802,2881;23;12;0;6;
UK11;-2;InteractivePathPlanning;91,9;1;1;2212;1193;False;True;None;802,2881;23;12;0;6;
UK11;-2;InteractivePathPlanning;92,0;1;1;2212;1193;False;True;None;802,2881;23;12;0;6;
UK11;-2;InteractivePathPlanning;92,1;1;1;2212;1193;False;True;None;802,2881;23;12;0;6;
UK11;-2;InteractivePathPlanning;92,2;1;1;2212;1193;False;True;None;802,2881;23;12;0;6;
UK11;-2;InteractivePathPlanning;92,3;1;1;2212;1193;False;True;None;802,2881;23;12;0;6;
UK11;-2;InteractivePathPlanning;92,4;1;1;2212;1193;False;True;None;802,2881;23;12;0;6;
UK11;-2;InteractivePathPlanning;92,5;1;1;2212;1193;False;True;None;802,2881;23;12;0;6;
UK11;-2;InteractivePathPlanning;92,6;1;1;2212;1193;False;True;None;802,2881;23;12;0;6;
UK11;-2;InteractivePathPlanning;92,7;1;1;2212;1193;False;True;None;802,2881;23;12;0;6;
UK11;-2;InteractivePathPlanning;92,8;1;1;2212;1193;False;True;None;802,2881;23;12;0;6;
UK11;-2;InteractivePathPlanning;92,9;1;1;2212;1193;False;True;None;802,2881;23;12;0;6;
UK11;-2;InteractivePathPlanning;93,0;1;1;2212;1193;False;True;None;802,2881;23;12;0;6;
UK11;-2;InteractivePathPlanning;93,1;1;1;2212;1193;False;True;None;802,2881;23;12;0;6;
UK11;-2;InteractivePathPlanning;93,2;1;1;2212;1193;False;True;None;802,2881;23;12;0;6;
UK11;-2;InteractivePathPlanning;93,3;1;1;2212;1193;False;True;None;802,2881;23;12;0;6;
UK11;-2;InteractivePathPlanning;93,4;1;1;2212;1193;False;True;None;802,2881;23;12;0;6;
UK11;-2;InteractivePathPlanning;93,5;1;1;2212;1193;False;True;None;802,2881;23;12;0;6;
UK11;-2;InteractivePathPlanning;93,6;1;1;2212;1193;False;True;None;802,2881;23;12;0;6;
UK11;-2;InteractivePathPlanning;93,7;1;1;2212;1193;False;True;None;802,2881;23;12;0;6;
UK11;-2;InteractivePathPlanning;93,8;1;1;2212;1193;False;True;None;802,2881;23;12;0;6;
UK11;-2;InteractivePathPlanning;93,9;1;1;2212;1193;False;True;None;802,2881;23;12;0;6;
UK11;-2;InteractivePathPlanning;94,0;1;1;2212;1193;False;True;None;802,2881;23;12;0;6;
UK11;-2;InteractivePathPlanning;94,1;1;1;2212;1193;False;True;None;802,2881;23;12;0;6;
UK11;-2;InteractivePathPlanning;94,2;1;1;2212;1193;False;True;None;802,2881;23;12;0;6;
UK11;-2;InteractivePathPlanning;94,3;1;1;2212;1193;False;True;None;802,2881;23;12;0;6;
UK11;-2;InteractivePathPlanning;94,4;1;1;2212;1193;False;True;None;802,2881;23;12;0;6;
UK11;-2;InteractivePathPlanning;94,5;1;1;2212;1193;False;True;None;802,2881;23;12;0;6;
UK11;-2;InteractivePathPlanning;94,6;1;1;2212;1193;False;True;None;802,2881;23;12;0;6;
UK11;-2;InteractivePathPlanning;94,7;1;1;2212;1193;False;True;None;802,2881;23;12;0;6;
UK11;-2;InteractivePathPlanning;94,8;1;1;2212;1193;False;True;None;802,2881;23;12;0;6;
UK11;-2;InteractivePathPlanning;94,9;1;1;2212;1193;False;True;None;802,2881;23;12;0;6;
UK11;-2;InteractivePathPlanning;95,0;1;1;2212;1193;False;True;None;802,2881;23;12;0;6;
UK11;-2;InteractivePathPlanning;95,1;1;1;2212;1193;False;True;None;802,2881;23;12;0;6;
UK11;-2;InteractivePathPlanning;95,2;1;1;2212;1193;False;True;None;802,2881;23;13;0;6;
UK11;-2;InteractivePathPlanning;95,3;1;1;2212;1193;False;True;None;802,2881;23;13;0;6;
UK11;-2;InteractivePathPlanning;95,4;1;1;2212;1193;False;True;None;802,2881;23;13;0;6;
UK11;-2;InteractivePathPlanning;95,5;1;1;2212;1193;False;True;None;802,2881;23;13;0;6;
UK11;-2;InteractivePathPlanning;95,6;1;1;2212;1193;False;True;None;802,2881;23;13;0;6;
UK11;-2;InteractivePathPlanning;95,7;1;1;2212;1193;False;True;None;802,2881;23;13;0;6;
UK11;-2;InteractivePathPlanning;95,8;1;1;2212;1193;False;True;None;802,2881;23;13;0;6;
UK11;-2;InteractivePathPlanning;95,9;1;1;2212;1193;False;True;None;802,2881;23;13;0;6;
UK11;-2;InteractivePathPlanning;96,0;1;1;2212;1193;False;True;None;802,2881;23;13;0;6;
UK11;-2;InteractivePathPlanning;96,1;1;1;2212;1193;False;True;None;802,2881;23;13;0;6;
UK11;-2;InteractivePathPlanning;96,2;1;1;2212;1193;False;True;None;802,2881;23;13;0;6;
UK11;-2;InteractivePathPlanning;96,3;1;1;2212;1193;False;True;None;802,2881;23;13;0;6;
UK11;-2;InteractivePathPlanning;96,4;1;1;2212;1193;False;True;None;802,2881;23;13;0;6;
UK11;-2;InteractivePathPlanning;96,5;1;1;2212;1193;False;True;None;802,2881;23;13;0;6;
UK11;-2;InteractivePathPlanning;96,6;1;1;2212;1193;False;True;None;802,2881;23;13;0;6;
UK11;-2;InteractivePathPlanning;96,7;1;1;2209;1196;False;True;None;802,2881;23;13;0;6;
UK11;-2;InteractivePathPlanning;96,8;1;1;2209;1196;False;True;None;802,4016;23;13;0;6;
UK11;-2;InteractivePathPlanning;96,9;1;1;2209;1196;False;True;None;802,4016;23;13;0;6;
UK11;-2;InteractivePathPlanning;97,0;1;1;2209;1196;False;True;None;802,4016;23;13;0;6;
UK11;-2;InteractivePathPlanning;97,1;1;1;2209;1196;False;True;None;802,4016;23;13;0;6;
UK11;-2;InteractivePathPlanning;97,2;1;1;2209;1196;False;True;None;802,4016;23;13;0;6;
UK11;-2;InteractivePathPlanning;97,3;1;1;2209;1196;False;True;None;802,4016;23;13;0;6;
UK11;-2;InteractivePathPlanning;97,4;1;1;2209;1196;False;True;None;802,4016;23;13;0;6;
UK11;-2;InteractivePathPlanning;97,5;1;1;2209;1196;False;True;None;802,4016;23;13;0;6;
UK11;-2;InteractivePathPlanning;97,6;1;1;2209;1196;False;True;None;802,4016;23;13;0;6;
UK11;-2;InteractivePathPlanning;97,7;1;1;2209;1196;False;True;None;802,4016;23;13;0;6;
UK11;-2;InteractivePathPlanning;97,8;1;1;2209;1196;False;True;None;802,4016;23;13;0;6;
UK11;-2;InteractivePathPlanning;97,9;1;1;2209;1196;False;True;None;802,4016;23;13;0;6;
UK11;-2;InteractivePathPlanning;98,0;1;1;2209;1196;False;True;None;802,4016;23;13;0;6;
UK11;-2;InteractivePathPlanning;98,1;1;1;2209;1182;False;True;None;802,7761;23;13;0;6;
UK11;-2;InteractivePathPlanning;98,2;1;1;2209;1179;False;True;None;802,8564;23;13;0;6;
UK11;-2;InteractivePathPlanning;98,3;1;1;2209;1179;False;True;None;802,8564;23;13;0;6;
UK11;-2;InteractivePathPlanning;98,4;1;1;2205;1175;False;True;None;803,0704;23;13;0;6;
UK11;-2;InteractivePathPlanning;98,5;1;1;2205;1175;False;True;None;803,0704;23;13;0;6;
UK11;-2;InteractivePathPlanning;98,6;1;1;2205;1175;False;True;None;803,0704;23;13;0;6;
UK11;-2;InteractivePathPlanning;98,7;1;1;2205;1175;False;True;None;803,0704;23;13;0;6;
UK11;-2;InteractivePathPlanning;98,8;1;1;2205;1175;False;True;None;803,0704;23;13;0;6;
UK11;-2;InteractivePathPlanning;98,9;1;1;2205;1175;False;True;None;803,0704;23;13;0;6;
UK11;-2;InteractivePathPlanning;99,0;1;1;2205;1175;False;True;None;803,0704;23;13;0;6;
UK11;-2;InteractivePathPlanning;99,1;1;1;2205;1175;False;True;None;803,0704;23;13;0;6;
UK11;-2;InteractivePathPlanning;99,2;1;1;2205;1175;False;True;None;803,0704;23;13;0;6;
UK11;-2;InteractivePathPlanning;99,3;1;1;2205;1175;False;True;None;803,0704;23;13;0;6;
UK11;-2;InteractivePathPlanning;99,4;1;1;2205;1175;False;True;None;803,0704;23;13;0;6;
UK11;-2;InteractivePathPlanning;99,5;1;1;2205;1175;False;True;None;803,0704;23;13;0;6;
UK11;-2;InteractivePathPlanning;99,6;1;1;2205;1175;False;True;None;803,0704;23;13;0;6;
UK11;-2;InteractivePathPlanning;99,7;1;1;2205;1175;False;True;None;803,0704;23;13;0;6;
UK11;-2;InteractivePathPlanning;99,8;1;1;2205;1175;False;True;None;803,0704;23;13;0;6;
UK11;-2;InteractivePathPlanning;99,9;1;1;2205;1175;False;True;None;803,0704;23;13;0;6;
UK11;-2;InteractivePathPlanning;100,0;1;1;2205;1175;False;True;None;803,0704;23;13;0;6;
UK11;-2;InteractivePathPlanning;100,1;1;1;2205;1175;False;True;None;803,0704;23;13;0;6;
UK11;-2;InteractivePathPlanning;100,2;1;1;2205;1175;False;True;None;803,0704;23;13;0;6;
UK11;-2;InteractivePathPlanning;100,3;1;1;2205;1175;False;True;None;803,0704;23;13;0;6;
UK11;-2;InteractivePathPlanning;100,4;1;1;2205;1175;False;True;None;803,0704;23;13;0;6;
UK11;-2;InteractivePathPlanning;100,5;1;1;2205;1175;False;True;None;803,0704;23;13;0;6;
UK11;-2;InteractivePathPlanning;100,6;1;1;2205;1175;False;True;None;803,0704;23;13;0;6;
UK11;-2;InteractivePathPlanning;100,7;1;1;2205;1175;False;True;None;803,0704;23;13;0;6;
UK11;-2;InteractivePathPlanning;100,8;1;1;2205;1175;False;True;None;803,0704;23;13;0;6;
UK11;-2;InteractivePathPlanning;100,9;1;1;2205;1175;False;True;None;803,0704;23;13;0;6;
UK11;-2;InteractivePathPlanning;101,0;1;1;2205;1175;False;True;None;803,0704;23;13;0;6;
UK11;-2;InteractivePathPlanning;101,1;1;1;2205;1175;False;True;None;803,0704;23;13;0;6;
UK11;-2;InteractivePathPlanning;101,2;1;1;2205;1175;False;True;None;803,0704;23;13;0;6;
UK11;-2;InteractivePathPlanning;101,3;1;1;2205;1175;False;True;None;803,0704;23;13;0;6;
UK11;-2;InteractivePathPlanning;101,4;1;1;2205;1175;False;True;None;803,0704;23;13;0;6;
UK11;-2;InteractivePathPlanning;101,5;1;1;2205;1175;False;True;None;803,0704;23;13;0;6;
UK11;-2;InteractivePathPlanning;101,6;1;1;2205;1175;False;True;None;803,0704;23;13;0;6;
UK11;-2;InteractivePathPlanning;101,7;1;1;2205;1175;False;True;None;803,0704;23;13;0;6;
UK11;-2;InteractivePathPlanning;101,8;1;1;2205;1175;False;True;None;803,0704;23;13;0;6;
UK11;-2;InteractivePathPlanning;101,9;1;1;2205;1175;False;True;None;803,0704;23;13;0;6;
UK11;-2;InteractivePathPlanning;102,0;1;1;2205;1175;False;True;None;803,0704;23;13;0;6;
UK11;-2;InteractivePathPlanning;102,1;1;1;2205;1175;False;True;None;803,0704;23;13;0;6;
UK11;-2;InteractivePathPlanning;102,2;1;1;2205;1175;False;True;None;803,0704;23;13;0;6;
UK11;-2;InteractivePathPlanning;102,3;1;1;2205;1175;False;True;None;803,0704;23;13;0;6;
UK11;-2;InteractivePathPlanning;102,4;1;1;2205;1175;False;True;None;803,0704;23;13;0;6;
UK11;-2;InteractivePathPlanning;102,5;1;1;2205;1175;False;True;None;803,0704;23;13;0;6;
UK11;-2;InteractivePathPlanning;102,6;1;1;2205;1175;False;True;None;803,0704;23;13;0;6;
UK11;-2;InteractivePathPlanning;102,7;1;1;2205;1168;False;True;None;803,1506;23;13;0;6;
UK11;-2;InteractivePathPlanning;102,8;1;1;2205;1161;False;True;None;803,4449;23;13;0;6;
UK11;-2;InteractivePathPlanning;102,9;1;1;2205;1158;False;True;None;803,5251;23;13;0;6;
UK11;-2;InteractivePathPlanning;103,0;1;1;2202;1154;False;True;None;803,7124;23;13;0;6;
UK11;-2;InteractivePathPlanning;103,1;1;1;2202;1151;False;True;None;803,7124;23;13;0;6;
UK11;-2;InteractivePathPlanning;103,2;1;1;2202;1151;False;True;None;803,7927;23;13;0;6;
UK11;-2;InteractivePathPlanning;103,3;1;1;2202;1147;False;True;None;803,8997;23;13;0;6;
UK11;-2;InteractivePathPlanning;103,4;1;1;2198;1137;False;True;None;804,1939;23;13;0;6;
UK11;-2;InteractivePathPlanning;103,5;1;1;2195;1119;False;True;None;804,7825;23;13;0;6;
UK11;-2;InteractivePathPlanning;103,6;1;1;2191;1116;False;True;None;804,9697;23;13;0;6;
UK11;-2;InteractivePathPlanning;103,7;1;1;2184;1122;False;True;None;805,1302;23;13;0;6;
UK11;-2;InteractivePathPlanning;103,8;1;1;2184;1122;False;True;None;805,264;23;13;0;6;
UK11;-2;InteractivePathPlanning;103,9;1;1;2174;1102;False;True;None;805,8591;23;13;0;6;
UK11;-2;InteractivePathPlanning;104,0;1;1;2170;1102;False;True;None;805,9726;23;13;0;6;
UK11;-2;InteractivePathPlanning;104,1;1;1;2167;1105;False;True;None;806,2401;23;13;0;6;
UK11;-2;InteractivePathPlanning;104,2;1;1;2160;1098;False;True;None;806,4274;23;13;0;6;
UK11;-2;InteractivePathPlanning;104,3;1;1;2156;1081;False;True;None;807,0427;23;13;0;6;
UK11;-2;InteractivePathPlanning;104,4;1;1;2153;1081;False;True;None;807,2032;23;13;0;6;
UK11;-2;InteractivePathPlanning;104,5;1;1;2153;1081;False;True;None;807,2032;23;13;0;6;
UK11;-2;InteractivePathPlanning;104,6;1;1;2153;1077;False;True;None;807,3102;23;13;0;6;
UK11;-2;InteractivePathPlanning;104,7;1;1;2153;1077;False;True;None;807,3102;23;13;0;6;
UK11;-2;InteractivePathPlanning;104,8;1;1;2153;1077;False;True;None;807,3102;23;13;0;6;
UK11;-2;InteractivePathPlanning;104,9;1;1;2153;1074;False;True;None;807,3904;23;13;0;6;
UK11;-2;InteractivePathPlanning;105,0;1;1;2037;1077;False;True;None;810,4987;23;13;0;6;
UK11;-2;InteractivePathPlanning;105,1;1;1;1610;1084;False;True;None;819,5729;23;13;0;6;
UK11;-2;InteractivePathPlanning;105,2;1;1;1390;1056;False;True;None;827,295;23;13;0;6;
UK11;-2;InteractivePathPlanning;105,3;1;1;1477;1004;False;True;None;831,1874;23;13;0;6;
UK11;-2;InteractivePathPlanning;105,4;1;1;2068;643;False;True;None;847,5464;23;13;0;6;
UK11;-2;InteractivePathPlanning;105,5;1;1;2152;391;False;True;None;856,4816;23;13;0;6;
UK11;-2;InteractivePathPlanning;105,6;1;1;2163;307;False;True;None;859,4712;23;13;0;6;
UK11;-2;InteractivePathPlanning;105,7;1;1;2100;255;False;True;None;860,9511;23;13;0;6;
UK11;-2;InteractivePathPlanning;105,8;1;1;2051;223;False;True;None;863,2565;23;13;0;6;
